21.0 1.0 2.5
21.0 7.0 2.0
21.0 205.0 4.0
21.0 206.0 3.0
21.0 210.0 2.5
21.0 214.0 4.0
21.0 219.0 4.0
21.0 220.0 4.0
21.0 248.0 4.0
21.0 255.0 4.0
22.0 2.0 4.0
22.0 17.0 4.0
22.0 257.0 3.0
23.0 8.0 3.5
24.0 258.0 4.0
25.0 1.0 3.5
25.0 4.0 2.5
25.0 8.0 3.0
25.0 10.0 2.0
25.0 13.0 4.0
25.0 235.0 1.5
25.0 241.0 1.0
25.0 243.0 3.5
25.0 245.0 3.5
25.0 253.0 3.0
26.0 214.0 0.5
26.0 215.0 3.5
27.0 1.0 1.0
27.0 3.0 1.0
27.0 215.0 0.5
27.0 252.0 1.5
27.0 255.0 1.5
28.0 6.0 2.0
28.0 207.0 2.5
28.0 210.0 2.5
28.0 212.0 3.0
28.0 234.0 3.0
28.0 236.0 4.0
28.0 243.0 3.5
28.0 244.0 2.0
28.0 245.0 2.5
28.0 256.0 2.5
29.0 264.0 3.0
29.0 265.0 3.0
29.0 274.0 3.0
29.0 276.0 3.0
29.0 277.0 0.5
29.0 285.0 3.5
29.0 297.0 3.5
29.0 298.0 3.5
29.0 303.0 3.5
30.0 2.0 0.5
30.0 5.0 0.5
30.0 11.0 4.0
30.0 205.0 4.0
30.0 219.0 4.0
30.0 220.0 0.5
30.0 236.0 2.5
30.0 247.0 0.5
30.0 253.0 1.5
30.0 254.0 3.5
30.0 257.0 4.0
31.0 215.0 3.5
32.0 13.0 4.0
33.0 4.0 4.0
33.0 235.0 2.0
33.0 236.0 3.5
34.0 3.0 3.0
34.0 219.0 4.0
34.0 236.0 4.0
35.0 310.0 4.0
36.0 8.0 4.0
36.0 10.0 4.0
36.0 13.0 4.0
36.0 206.0 4.0
36.0 210.0 4.0
36.0 234.0 3.0
37.0 1.0 4.0
37.0 3.0 4.0
37.0 12.0 3.5
37.0 217.0 3.5
37.0 234.0 4.0
37.0 235.0 2.0
37.0 243.0 3.5
37.0 246.0 3.5
37.0 249.0 4.0
37.0 255.0 4.0
37.0 257.0 3.5
38.0 7.0 1.0
38.0 121.0 1.0
38.0 212.0 3.0
38.0 214.0 2.5
38.0 215.0 3.0
38.0 219.0 3.5
38.0 234.0 1.0
38.0 244.0 0.5
38.0 256.0 0.5
39.0 5.0 4.0
39.0 9.0 4.0
39.0 241.0 3.0
41.0 216.0 3.0
42.0 11.0 4.0
42.0 212.0 4.0
43.0 3.0 1.5
44.0 10.0 3.5
45.0 13.0 1.5
45.0 215.0 3.0
46.0 4.0 3.0
46.0 17.0 3.5
46.0 250.0 3.5
47.0 13.0 4.0
48.0 12.0 3.5
49.0 257.0 4.0
50.0 4.0 4.0
50.0 8.0 3.5
50.0 9.0 4.0
50.0 207.0 3.5
50.0 252.0 3.0
50.0 253.0 4.0
50.0 254.0 3.0
51.0 318.0 2.0
51.0 325.0 2.5
51.0 326.0 0.5
51.0 329.0 4.0
53.0 6.0 3.5
53.0 7.0 4.0
53.0 8.0 3.0
53.0 13.0 4.0
53.0 84.0 4.0
53.0 121.0 3.5
53.0 214.0 3.0
53.0 233.0 3.0
53.0 245.0 2.0
55.0 2.0 3.0
55.0 4.0 3.0
55.0 7.0 2.5
55.0 214.0 4.0
55.0 216.0 4.0
55.0 245.0 3.5
56.0 3.0 4.0
56.0 13.0 1.5
56.0 213.0 0.5
56.0 234.0 0.5
56.0 245.0 4.0
56.0 278.0 4.0
60.0 13.0 4.0
61.0 8.0 3.0
61.0 17.0 3.0
61.0 216.0 3.5
62.0 7.0 3.0
63.0 2.0 4.0
63.0 299.0 4.0
63.0 343.0 4.0
63.0 347.0 4.0
64.0 1.0 3.0
64.0 3.0 3.0
64.0 12.0 3.0
64.0 13.0 3.5
64.0 207.0 3.0
64.0 235.0 2.5
64.0 239.0 4.0
64.0 243.0 2.5
64.0 245.0 3.0
64.0 257.0 2.0
65.0 3.0 2.0
65.0 9.0 2.5
65.0 239.0 2.5
66.0 7.0 1.5
66.0 210.0 4.0
67.0 4.0 3.5
67.0 6.0 3.5
67.0 17.0 3.0
67.0 220.0 3.0
67.0 257.0 2.5
68.0 8.0 4.0
68.0 12.0 4.0
68.0 13.0 4.0
68.0 84.0 4.0
68.0 217.0 4.0
68.0 220.0 4.0
68.0 239.0 4.0
68.0 244.0 4.0
68.0 252.0 4.0
68.0 256.0 4.0
69.0 121.0 2.5
69.0 211.0 3.5
69.0 216.0 3.0
70.0 5.0 4.0
70.0 8.0 4.0
70.0 9.0 4.0
70.0 253.0 3.5
71.0 3.0 4.0
71.0 4.0 4.0
72.0 1.0 2.5
72.0 2.0 3.0
72.0 6.0 4.0
72.0 13.0 4.0
72.0 205.0 3.0
72.0 211.0 4.0
72.0 212.0 4.0
72.0 213.0 4.0
72.0 247.0 4.0
73.0 4.0 3.5
73.0 7.0 4.0
73.0 207.0 3.5
73.0 210.0 3.0
73.0 216.0 4.0
73.0 233.0 3.0
73.0 239.0 3.0
73.0 245.0 3.0
73.0 250.0 3.0
75.0 257.0 3.0
78.0 358.0 3.0
78.0 364.0 0.5
78.0 365.0 3.0
78.0 372.0 2.5
78.0 376.0 2.5
78.0 377.0 4.0
78.0 383.0 2.0
79.0 3.0 2.5
79.0 172.0 1.0
79.0 361.0 1.5
79.0 386.0 2.0
79.0 400.0 3.0
79.0 401.0 2.5
79.0 402.0 2.5
79.0 404.0 0.5
79.0 406.0 3.0
79.0 410.0 1.5
79.0 413.0 1.0
79.0 418.0 0.5
79.0 420.0 1.0
79.0 421.0 4.0
79.0 437.0 1.0
79.0 439.0 1.5
79.0 442.0 3.5
79.0 444.0 2.5
79.0 447.0 3.0
79.0 457.0 1.0
79.0 459.0 0.5
79.0 462.0 3.0
79.0 465.0 4.0
79.0 466.0 3.5
79.0 472.0 3.0
79.0 480.0 2.5
79.0 482.0 2.5
79.0 485.0 1.5
79.0 490.0 3.5
79.0 498.0 1.5
79.0 500.0 4.0
79.0 511.0 2.0
79.0 517.0 1.5
80.0 250.0 3.0
80.0 432.0 4.0
81.0 4.0 3.5
81.0 11.0 1.5
81.0 295.0 4.0
81.0 407.0 4.0
81.0 435.0 1.5
81.0 526.0 4.0
81.0 532.0 2.5
81.0 543.0 2.5
82.0 207.0 2.0
83.0 4.0 4.0
83.0 5.0 2.5
83.0 6.0 2.5
83.0 12.0 2.5
83.0 214.0 4.0
83.0 234.0 4.0
83.0 239.0 2.5
83.0 243.0 1.5
83.0 249.0 2.5
83.0 255.0 2.5
84.0 11.0 3.5
84.0 13.0 3.5
84.0 17.0 4.0
84.0 247.0 3.5
85.0 7.0 4.0
85.0 207.0 4.0
86.0 1.0 4.0
86.0 8.0 4.0
86.0 9.0 4.0
86.0 10.0 4.0
86.0 211.0 4.0
86.0 212.0 4.0
86.0 214.0 4.0
86.0 253.0 4.0
86.0 255.0 4.0
86.0 257.0 4.0
87.0 207.0 2.0
87.0 219.0 3.0
87.0 239.0 1.0
88.0 7.0 3.0
88.0 219.0 3.5
89.0 12.0 3.0
90.0 13.0 3.0
90.0 215.0 2.5
91.0 212.0 3.0
91.0 216.0 2.0
91.0 242.0 3.0
91.0 245.0 2.5
91.0 292.0 4.0
91.0 393.0 4.0
91.0 562.0 4.0
91.0 570.0 3.5
92.0 4.0 2.0
92.0 206.0 3.5
92.0 207.0 3.0
92.0 216.0 1.5
92.0 255.0 3.0
93.0 7.0 2.5
93.0 9.0 3.5
93.0 12.0 2.0
94.0 254.0 3.5
95.0 7.0 3.5
95.0 205.0 3.5
95.0 217.0 4.0
95.0 235.0 3.0
95.0 248.0 3.0
95.0 256.0 4.0
95.0 577.0 2.0
95.0 579.0 3.5
96.0 10.0 3.5
96.0 13.0 2.0
96.0 17.0 2.5
96.0 84.0 2.0
96.0 205.0 2.0
96.0 206.0 3.0
96.0 216.0 3.0
96.0 233.0 3.0
96.0 252.0 1.5
96.0 257.0 4.0
97.0 11.0 4.0
97.0 210.0 2.0
97.0 213.0 2.5
97.0 215.0 3.0
97.0 243.0 1.5
97.0 244.0 2.0
97.0 249.0 2.5
97.0 250.0 3.0
97.0 252.0 1.5
97.0 254.0 3.0
98.0 207.0 4.0
98.0 512.0 4.0
98.0 522.0 2.0
98.0 583.0 3.0
98.0 586.0 4.0
98.0 592.0 4.0
98.0 594.0 1.0
98.0 597.0 4.0
99.0 12.0 2.0
99.0 211.0 3.0
99.0 219.0 3.0
99.0 233.0 2.0
100.0 215.0 3.0
101.0 216.0 4.0
104.0 4.0 4.0
104.0 216.0 2.5
106.0 2.0 3.0
106.0 10.0 2.5
106.0 239.0 3.5
107.0 3.0 3.0
107.0 7.0 3.0
107.0 121.0 2.5
107.0 205.0 0.5
107.0 206.0 4.0
107.0 215.0 4.0
107.0 235.0 3.0
109.0 358.0 4.0
109.0 410.0 4.0
109.0 599.0 4.0
110.0 11.0 3.0
110.0 205.0 3.0
110.0 235.0 3.0
110.0 236.0 3.5
111.0 10.0 2.5
111.0 17.0 1.5
111.0 84.0 2.0
111.0 205.0 3.5
111.0 214.0 0.5
111.0 216.0 3.0
111.0 235.0 0.5
111.0 241.0 1.0
111.0 246.0 1.5
111.0 248.0 2.5
111.0 257.0 1.5
112.0 235.0 1.0
112.0 250.0 3.0
112.0 389.0 1.0
112.0 609.0 1.5
114.0 1.0 4.0
114.0 3.0 3.0
114.0 206.0 3.5
114.0 207.0 2.0
114.0 214.0 3.0
114.0 219.0 1.0
114.0 241.0 4.0
115.0 5.0 3.5
115.0 7.0 2.0
115.0 10.0 3.5
115.0 207.0 3.5
115.0 236.0 3.5
115.0 249.0 2.5
116.0 9.0 2.5
116.0 13.0 3.5
116.0 207.0 3.0
116.0 220.0 3.0
116.0 610.0 4.0
117.0 13.0 3.0
117.0 207.0 3.5
119.0 17.0 3.0
120.0 2.0 3.5
120.0 13.0 3.5
120.0 211.0 4.0
120.0 219.0 3.5
121.0 17.0 4.0
121.0 84.0 2.5
121.0 212.0 3.5
121.0 215.0 4.0
121.0 236.0 3.5
121.0 241.0 3.0
121.0 243.0 2.0
121.0 251.0 3.0
121.0 254.0 3.5
121.0 255.0 3.0
122.0 211.0 3.0
122.0 245.0 2.5
122.0 254.0 1.5
123.0 1.0 1.5
123.0 4.0 2.0
123.0 17.0 4.0
123.0 207.0 1.0
124.0 3.0 3.5
124.0 12.0 4.0
124.0 121.0 3.0
124.0 211.0 2.0
124.0 217.0 4.0
124.0 243.0 3.5
124.0 248.0 1.5
124.0 250.0 3.0
124.0 255.0 1.5
124.0 256.0 2.5
125.0 13.0 4.0
125.0 211.0 4.0
125.0 215.0 3.0
125.0 216.0 4.0
125.0 219.0 2.0
126.0 6.0 4.0
126.0 9.0 4.0
126.0 207.0 1.5
126.0 211.0 1.5
126.0 251.0 2.5
127.0 11.0 2.0
127.0 234.0 3.0
128.0 1.0 1.5
128.0 17.0 1.5
128.0 121.0 3.0
128.0 206.0 3.5
128.0 214.0 2.0
128.0 216.0 2.0
128.0 220.0 2.0
128.0 236.0 2.5
128.0 241.0 3.5
128.0 243.0 1.0
128.0 244.0 1.5
128.0 252.0 2.0
129.0 7.0 4.0
129.0 10.0 3.5
129.0 207.0 3.0
129.0 213.0 3.5
129.0 257.0 3.5
130.0 1.0 2.5
130.0 239.0 3.5
133.0 2.0 3.5
133.0 619.0 3.5
134.0 241.0 2.0
135.0 251.0 3.0
136.0 103.0 3.0
136.0 610.0 4.0
136.0 621.0 4.0
136.0 622.0 4.0
136.0 635.0 4.0
136.0 640.0 2.5
136.0 642.0 4.0
136.0 647.0 3.0
136.0 648.0 4.0
137.0 3.0 3.0
137.0 5.0 3.5
137.0 17.0 4.0
137.0 210.0 2.5
137.0 214.0 3.0
137.0 217.0 3.0
137.0 234.0 2.0
137.0 236.0 3.0
137.0 248.0 3.0
137.0 250.0 2.0
138.0 4.0 4.0
138.0 8.0 3.0
138.0 206.0 2.0
138.0 211.0 1.0
138.0 217.0 2.5
138.0 233.0 2.0
138.0 234.0 2.0
138.0 239.0 3.0
138.0 248.0 3.0
138.0 251.0 2.0
138.0 257.0 3.0
139.0 6.0 3.5
139.0 10.0 4.0
139.0 11.0 3.5
139.0 211.0 3.0
139.0 214.0 3.0
139.0 217.0 2.5
139.0 241.0 4.0
139.0 253.0 2.5
139.0 257.0 4.0
140.0 215.0 2.5
141.0 235.0 4.0
142.0 3.0 3.5
142.0 205.0 4.0
142.0 236.0 3.5
142.0 425.0 4.0
144.0 12.0 3.0
144.0 148.0 3.5
144.0 352.0 2.0
144.0 419.0 2.0
144.0 659.0 2.5
145.0 7.0 2.5
146.0 1.0 3.5
146.0 13.0 3.0
146.0 84.0 2.5
146.0 207.0 3.5
146.0 210.0 3.0
146.0 213.0 3.5
146.0 241.0 2.5
146.0 243.0 3.0
146.0 245.0 3.0
146.0 255.0 3.0
147.0 9.0 4.0
147.0 11.0 4.0
147.0 216.0 3.0
147.0 219.0 2.0
147.0 220.0 3.5
147.0 243.0 1.5
147.0 244.0 2.0
147.0 245.0 3.0
147.0 250.0 1.0
148.0 8.0 4.0
150.0 5.0 3.5
150.0 7.0 2.5
150.0 10.0 2.5
150.0 11.0 3.5
150.0 207.0 3.5
150.0 220.0 2.5
150.0 243.0 2.5
150.0 251.0 3.0
151.0 1.0 2.0
151.0 8.0 3.0
151.0 9.0 3.5
151.0 241.0 3.0
152.0 10.0 2.0
152.0 12.0 3.0
152.0 205.0 1.5
152.0 246.0 3.0
154.0 1.0 3.5
154.0 12.0 2.5
154.0 215.0 3.5
155.0 2.0 4.0
155.0 3.0 4.0
155.0 11.0 4.0
155.0 17.0 3.5
155.0 207.0 3.0
155.0 213.0 2.0
155.0 234.0 1.0
155.0 239.0 1.5
155.0 244.0 0.5
155.0 254.0 2.5
156.0 2.0 3.5
156.0 5.0 3.0
156.0 13.0 2.5
156.0 219.0 1.5
156.0 234.0 2.0
156.0 239.0 3.0
156.0 244.0 4.0
156.0 246.0 4.0
156.0 254.0 3.5
157.0 7.0 3.0
157.0 13.0 3.5
158.0 10.0 4.0
159.0 4.0 3.5
159.0 8.0 3.5
160.0 4.0 4.0
160.0 215.0 4.0
160.0 236.0 4.0
160.0 251.0 3.5
161.0 5.0 3.5
161.0 12.0 3.5
161.0 13.0 4.0
161.0 134.0 3.5
161.0 215.0 4.0
161.0 219.0 4.0
161.0 235.0 3.0
161.0 242.0 4.0
161.0 308.0 4.0
161.0 314.0 3.0
161.0 336.0 4.0
161.0 348.0 4.0
161.0 522.0 3.0
161.0 592.0 2.0
161.0 596.0 1.5
161.0 617.0 2.0
161.0 675.0 2.5
161.0 682.0 3.0
161.0 685.0 0.5
161.0 690.0 4.0
161.0 692.0 0.5
161.0 697.0 3.0
161.0 702.0 3.5
161.0 706.0 2.5
161.0 708.0 2.0
161.0 713.0 3.5
161.0 714.0 1.5
161.0 721.0 0.5
161.0 726.0 3.5
161.0 730.0 3.0
161.0 734.0 1.0
161.0 735.0 3.0
161.0 741.0 1.5
161.0 750.0 2.5
161.0 751.0 1.5
161.0 758.0 3.0
161.0 759.0 2.0
161.0 764.0 3.5
161.0 769.0 3.5
162.0 770.0 4.0
163.0 205.0 1.0
163.0 211.0 2.5
163.0 236.0 3.0
164.0 397.0 3.5
164.0 442.0 3.0
164.0 445.0 3.0
164.0 583.0 4.0
164.0 775.0 4.0
164.0 789.0 3.0
165.0 4.0 3.5
165.0 10.0 3.0
165.0 11.0 3.0
165.0 794.0 3.0
165.0 795.0 1.0
165.0 797.0 3.0
166.0 10.0 2.0
166.0 17.0 4.0
166.0 215.0 0.5
166.0 233.0 3.0
166.0 243.0 3.0
166.0 249.0 3.5
167.0 2.0 3.5
167.0 5.0 3.5
167.0 206.0 4.0
167.0 215.0 4.0
167.0 216.0 4.0
167.0 233.0 3.0
167.0 241.0 4.0
167.0 257.0 3.0
168.0 10.0 3.0
168.0 206.0 3.0
168.0 210.0 4.0
168.0 214.0 3.0
168.0 219.0 2.5
168.0 234.0 3.0
168.0 245.0 2.5
168.0 247.0 4.0
168.0 249.0 2.5
168.0 251.0 2.5
169.0 1.0 2.0
169.0 2.0 3.0
169.0 5.0 4.0
169.0 11.0 2.5
169.0 13.0 3.5
169.0 220.0 3.5
169.0 235.0 2.5
169.0 239.0 4.0
171.0 8.0 4.0
171.0 11.0 4.0
171.0 13.0 3.5
171.0 84.0 4.0
171.0 121.0 3.5
171.0 205.0 4.0
171.0 220.0 3.5
171.0 234.0 4.0
171.0 236.0 3.0
171.0 247.0 4.0
171.0 255.0 4.0
172.0 1.0 4.0
172.0 5.0 4.0
172.0 17.0 4.0
172.0 206.0 4.0
172.0 213.0 4.0
172.0 215.0 4.0
172.0 239.0 4.0
172.0 245.0 4.0
172.0 255.0 4.0
172.0 257.0 4.0
173.0 10.0 3.5
173.0 12.0 1.0
174.0 4.0 1.0
174.0 7.0 3.5
174.0 17.0 3.5
174.0 84.0 2.0
174.0 205.0 2.5
174.0 213.0 2.5
174.0 235.0 2.0
174.0 236.0 1.0
174.0 245.0 1.5
174.0 247.0 2.0
175.0 7.0 1.5
175.0 8.0 3.5
175.0 11.0 3.5
176.0 3.0 2.5
176.0 9.0 1.5
176.0 13.0 2.5
176.0 121.0 2.0
176.0 211.0 1.0
176.0 233.0 1.0
176.0 241.0 1.5
176.0 249.0 2.5
176.0 255.0 3.0
176.0 256.0 1.0
177.0 1.0 2.5
177.0 236.0 3.0
178.0 3.0 2.0
178.0 7.0 3.5
178.0 10.0 3.0
178.0 17.0 3.0
178.0 210.0 2.0
178.0 211.0 2.0
178.0 214.0 1.0
178.0 217.0 2.5
178.0 219.0 1.0
178.0 252.0 2.0
179.0 205.0 4.0
179.0 219.0 2.0
179.0 236.0 4.0
180.0 253.0 2.5
181.0 10.0 4.0
181.0 214.0 2.5
181.0 239.0 1.5
182.0 5.0 2.0
182.0 217.0 1.0
182.0 246.0 3.5
183.0 7.0 3.0
183.0 8.0 3.5
183.0 9.0 3.0
183.0 11.0 4.0
183.0 121.0 3.0
183.0 207.0 3.0
183.0 214.0 4.0
183.0 219.0 3.0
183.0 236.0 3.0
183.0 251.0 4.0
184.0 9.0 4.0
184.0 236.0 4.0
185.0 2.0 3.5
185.0 11.0 3.5
185.0 17.0 2.0
185.0 205.0 3.5
185.0 234.0 3.5
185.0 243.0 4.0
186.0 215.0 3.0
187.0 8.0 3.0
187.0 220.0 3.0
187.0 236.0 3.5
187.0 245.0 2.5
187.0 255.0 3.0
187.0 257.0 2.5
188.0 17.0 3.0
188.0 20.0 3.0
188.0 29.0 2.5
188.0 81.0 3.5
188.0 91.0 2.5
188.0 100.0 3.0
188.0 148.0 3.5
188.0 157.0 2.0
188.0 206.0 3.5
188.0 216.0 4.0
188.0 217.0 4.0
188.0 313.0 0.5
188.0 365.0 3.5
188.0 588.0 2.0
188.0 683.0 3.0
188.0 702.0 4.0
188.0 716.0 3.5
188.0 723.0 3.0
188.0 814.0 1.5
188.0 816.0 4.0
188.0 824.0 4.0
188.0 828.0 2.5
188.0 832.0 1.0
188.0 833.0 1.0
188.0 836.0 1.5
189.0 6.0 4.0
189.0 7.0 3.0
189.0 9.0 4.0
189.0 84.0 3.5
189.0 207.0 3.0
189.0 842.0 3.5
190.0 3.0 2.5
190.0 5.0 3.0
190.0 7.0 2.0
190.0 217.0 3.0
190.0 235.0 2.5
190.0 241.0 3.5
190.0 243.0 3.5
190.0 245.0 2.0
190.0 247.0 2.0
190.0 249.0 2.0
190.0 255.0 2.5
191.0 3.0 4.0
191.0 10.0 3.5
191.0 13.0 4.0
192.0 241.0 2.5
192.0 318.0 4.0
192.0 512.0 4.0
193.0 8.0 4.0
193.0 10.0 1.0
193.0 11.0 4.0
193.0 12.0 2.5
193.0 17.0 3.0
193.0 84.0 2.5
193.0 205.0 2.0
193.0 251.0 4.0
195.0 4.0 3.5
195.0 12.0 2.0
196.0 10.0 1.5
196.0 11.0 3.5
196.0 233.0 2.5
196.0 236.0 3.0
197.0 2.0 2.0
197.0 13.0 2.0
197.0 121.0 1.0
197.0 205.0 4.0
197.0 211.0 4.0
197.0 236.0 3.0
197.0 239.0 2.5
197.0 244.0 2.0
197.0 253.0 2.5
197.0 257.0 4.0
198.0 1.0 2.5
198.0 2.0 2.0
198.0 8.0 4.0
198.0 121.0 3.0
198.0 214.0 3.0
198.0 217.0 3.5
198.0 235.0 3.0
198.0 241.0 4.0
199.0 2.0 2.0
199.0 7.0 3.0
199.0 196.0 2.0
199.0 216.0 0.5
199.0 235.0 1.5
199.0 275.0 2.5
199.0 297.0 3.0
199.0 299.0 1.5
199.0 436.0 2.5
199.0 510.0 0.5
199.0 539.0 1.5
199.0 657.0 3.0
199.0 668.0 1.0
199.0 684.0 2.0
199.0 697.0 2.5
199.0 735.0 1.5
199.0 753.0 1.0
199.0 754.0 1.0
199.0 787.0 0.5
199.0 790.0 1.5
199.0 847.0 1.5
199.0 849.0 2.5
199.0 859.0 0.5
199.0 862.0 2.0
199.0 870.0 3.5
199.0 873.0 2.5
199.0 874.0 0.5
199.0 876.0 2.0
199.0 879.0 1.0
199.0 882.0 0.5
199.0 891.0 3.5
199.0 893.0 3.0
200.0 51.0 3.0
200.0 205.0 4.0
200.0 206.0 4.0
200.0 219.0 4.0
200.0 257.0 2.5
200.0 291.0 3.5
200.0 460.0 4.0
200.0 628.0 3.5
200.0 901.0 3.5
201.0 5.0 4.0
201.0 216.0 2.0
201.0 235.0 3.0
201.0 236.0 3.5
201.0 239.0 4.0
202.0 5.0 2.5
202.0 9.0 2.5
202.0 121.0 3.0
202.0 210.0 3.5
202.0 217.0 1.5
202.0 219.0 0.5
202.0 236.0 3.0
202.0 250.0 3.5
202.0 252.0 2.0
202.0 253.0 3.0
203.0 905.0 2.0
204.0 13.0 4.0
204.0 213.0 4.0
204.0 214.0 4.0
204.0 215.0 4.0
204.0 239.0 4.0
204.0 246.0 4.0
204.0 247.0 4.0
204.0 249.0 4.0
204.0 250.0 4.0
205.0 7.0 3.0
205.0 121.0 3.5
205.0 206.0 4.0
205.0 214.0 3.0
205.0 233.0 3.0
205.0 235.0 4.0
205.0 241.0 4.0
205.0 248.0 3.0
205.0 257.0 4.0
206.0 6.0 3.0
206.0 17.0 4.0
206.0 205.0 3.0
206.0 215.0 4.0
206.0 216.0 3.0
206.0 217.0 4.0
206.0 219.0 4.0
206.0 233.0 3.0
206.0 235.0 3.5
206.0 239.0 2.5
207.0 12.0 2.0
207.0 13.0 3.0
208.0 6.0 3.5
208.0 9.0 4.0
208.0 10.0 2.0
208.0 235.0 1.5
208.0 241.0 1.5
208.0 245.0 3.0
208.0 252.0 3.5
208.0 255.0 3.0
208.0 257.0 4.0
209.0 84.0 2.5
209.0 214.0 3.5
209.0 233.0 3.0
209.0 234.0 1.5
209.0 236.0 2.5
209.0 243.0 3.5
209.0 244.0 3.0
209.0 245.0 3.0
209.0 247.0 3.0
209.0 253.0 4.0
210.0 207.0 2.0
211.0 7.0 2.5
212.0 13.0 4.0
212.0 213.0 4.0
212.0 219.0 3.0
214.0 3.0 3.5
214.0 17.0 3.0
214.0 234.0 3.0
215.0 3.0 3.5
215.0 5.0 2.0
215.0 9.0 1.0
215.0 13.0 3.0
215.0 215.0 3.0
215.0 220.0 2.5
215.0 233.0 2.0
216.0 13.0 3.0
216.0 215.0 3.5
216.0 257.0 3.0
217.0 7.0 3.5
217.0 13.0 3.5
217.0 17.0 4.0
218.0 2.0 2.5
218.0 3.0 3.0
218.0 5.0 3.5
218.0 10.0 1.0
218.0 206.0 1.0
218.0 211.0 3.5
218.0 214.0 2.5
218.0 215.0 2.5
218.0 216.0 2.0
218.0 243.0 1.5
218.0 254.0 1.5
219.0 330.0 2.0
220.0 1.0 3.5
220.0 3.0 3.0
220.0 13.0 4.0
220.0 215.0 4.0
222.0 213.0 4.0
223.0 1.0 3.0
223.0 9.0 4.0
223.0 12.0 1.0
223.0 210.0 1.0
223.0 211.0 3.5
223.0 247.0 3.5
223.0 257.0 3.0
224.0 12.0 4.0
224.0 206.0 4.0
224.0 241.0 3.0
224.0 250.0 4.0
224.0 252.0 4.0
224.0 257.0 3.5
225.0 3.0 3.0
225.0 7.0 3.0
225.0 8.0 4.0
225.0 17.0 4.0
225.0 213.0 4.0
225.0 217.0 1.5
225.0 220.0 2.5
225.0 239.0 2.5
225.0 241.0 3.5
225.0 244.0 3.0
225.0 257.0 4.0
226.0 17.0 4.0
227.0 1.0 3.5
227.0 5.0 4.0
227.0 12.0 3.0
227.0 17.0 3.5
227.0 210.0 3.5
227.0 216.0 4.0
227.0 235.0 3.0
227.0 241.0 3.5
227.0 244.0 4.0
227.0 250.0 3.5
227.0 253.0 3.5
228.0 211.0 4.0
228.0 236.0 4.0
229.0 404.0 4.0
231.0 144.0 4.0
231.0 257.0 1.0
231.0 920.0 3.5
232.0 2.0 2.0
232.0 12.0 1.5
232.0 17.0 4.0
234.0 11.0 4.0
234.0 12.0 3.0
235.0 7.0 4.0
235.0 8.0 2.0
235.0 9.0 1.0
235.0 10.0 2.5
235.0 13.0 3.0
235.0 17.0 1.0
235.0 219.0 3.5
235.0 245.0 3.5
235.0 247.0 3.0
235.0 251.0 4.0
236.0 2.0 3.5
237.0 7.0 2.5
237.0 207.0 3.5
237.0 220.0 4.0
238.0 4.0 2.0
238.0 8.0 4.0
238.0 121.0 3.5
238.0 220.0 3.0
238.0 254.0 3.0
238.0 255.0 3.0
238.0 921.0 4.0
239.0 3.0 3.0
239.0 7.0 3.0
240.0 1.0 4.0
240.0 17.0 3.5
240.0 207.0 3.5
241.0 210.0 2.5
241.0 239.0 3.5
243.0 5.0 3.5
243.0 7.0 3.0
243.0 10.0 3.5
243.0 59.0 2.0
243.0 209.0 0.5
243.0 214.0 2.0
243.0 215.0 3.0
243.0 217.0 3.5
243.0 219.0 3.0
243.0 233.0 3.0
243.0 236.0 3.5
243.0 341.0 1.0
243.0 926.0 2.0
244.0 11.0 4.0
244.0 219.0 2.5
245.0 3.0 4.0
245.0 13.0 4.0
245.0 84.0 3.0
245.0 206.0 3.0
245.0 211.0 3.5
245.0 233.0 4.0
245.0 235.0 3.0
245.0 236.0 3.0
245.0 253.0 3.0
245.0 257.0 2.0
246.0 591.0 1.5
247.0 279.0 4.0
248.0 1.0 2.5
248.0 2.0 4.0
248.0 9.0 2.0
248.0 207.0 1.5
248.0 214.0 3.5
248.0 220.0 1.5
248.0 241.0 2.0
249.0 1.0 3.0
249.0 2.0 3.0
249.0 6.0 2.5
249.0 7.0 3.5
249.0 216.0 1.5
249.0 217.0 2.5
249.0 233.0 3.0
249.0 235.0 1.0
249.0 247.0 3.0
249.0 248.0 3.5
249.0 250.0 3.0
250.0 4.0 1.5
250.0 9.0 3.5
250.0 121.0 3.5
250.0 212.0 1.0
250.0 213.0 4.0
250.0 217.0 3.5
250.0 244.0 2.0
250.0 247.0 4.0
250.0 254.0 1.5
250.0 257.0 2.0
251.0 7.0 3.5
251.0 12.0 4.0
251.0 239.0 3.0
252.0 484.0 3.0
255.0 4.0 2.5
255.0 7.0 3.5
255.0 213.0 3.5
256.0 207.0 1.0
256.0 215.0 4.0
258.0 241.0 2.5
259.0 2.0 2.0
259.0 84.0 2.5
259.0 220.0 3.0
260.0 17.0 0.5
260.0 255.0 3.0
261.0 1.0 4.0
261.0 13.0 4.0
261.0 214.0 4.0
261.0 215.0 2.0
261.0 239.0 3.0
262.0 11.0 3.0
262.0 17.0 2.0
262.0 220.0 4.0
262.0 239.0 3.0
263.0 2.0 3.0
263.0 5.0 3.5
263.0 216.0 3.0
263.0 252.0 3.5
264.0 215.0 3.0
264.0 250.0 4.0
264.0 536.0 3.5
264.0 712.0 4.0
265.0 6.0 3.0
265.0 10.0 3.5
265.0 12.0 3.0
265.0 121.0 3.0
265.0 207.0 3.0
265.0 213.0 3.5
265.0 219.0 3.5
265.0 236.0 3.0
265.0 245.0 3.5
265.0 247.0 3.5
265.0 249.0 3.0
266.0 2.0 3.5
266.0 10.0 4.0
267.0 7.0 4.0
269.0 2.0 3.0
269.0 425.0 4.0
270.0 5.0 2.5
270.0 6.0 2.5
270.0 7.0 4.0
270.0 8.0 2.5
270.0 17.0 2.5
270.0 84.0 2.5
270.0 210.0 2.5
270.0 214.0 2.5
270.0 241.0 2.5
270.0 247.0 2.5
270.0 257.0 3.0
271.0 8.0 3.5
271.0 9.0 4.0
271.0 17.0 3.0
271.0 205.0 2.0
271.0 217.0 2.0
271.0 243.0 0.5
271.0 245.0 4.0
271.0 246.0 2.0
271.0 252.0 2.0
271.0 255.0 4.0
272.0 52.0 3.5
272.0 59.0 2.5
272.0 69.0 3.0
272.0 134.0 3.0
272.0 172.0 3.5
272.0 204.0 4.0
272.0 213.0 2.5
272.0 236.0 3.0
272.0 239.0 2.5
272.0 270.0 2.5
272.0 284.0 2.0
272.0 296.0 4.0
272.0 305.0 3.5
272.0 318.0 4.0
272.0 335.0 3.0
272.0 379.0 3.5
272.0 398.0 3.0
272.0 550.0 3.0
272.0 587.0 1.0
272.0 598.0 3.0
272.0 681.0 1.5
272.0 690.0 0.5
272.0 691.0 3.0
272.0 698.0 2.5
272.0 707.0 3.0
272.0 708.0 3.0
272.0 710.0 1.5
272.0 721.0 2.5
272.0 735.0 3.0
272.0 739.0 3.0
272.0 745.0 3.0
272.0 832.0 2.5
272.0 889.0 3.0
272.0 925.0 1.5
272.0 932.0 2.5
272.0 942.0 3.0
272.0 952.0 4.0
272.0 956.0 2.5
272.0 960.0 3.0
272.0 961.0 2.5
272.0 962.0 3.5
272.0 964.0 2.5
272.0 967.0 1.5
272.0 973.0 2.5
272.0 980.0 2.5
272.0 991.0 2.0
272.0 993.0 0.5
272.0 1006.0 2.0
272.0 1009.0 1.0
273.0 1.0 2.5
273.0 17.0 3.0
273.0 254.0 2.5
273.0 1017.0 2.0
274.0 2.0 4.0
274.0 7.0 4.0
274.0 215.0 4.0
274.0 244.0 4.0
274.0 247.0 4.0
274.0 253.0 4.0
274.0 255.0 4.0
274.0 256.0 4.0
274.0 257.0 4.0
274.0 650.0 3.5
276.0 2.0 2.5
276.0 12.0 2.0
276.0 13.0 4.0
276.0 84.0 4.0
276.0 215.0 4.0
276.0 216.0 4.0
276.0 239.0 3.5
276.0 245.0 4.0
276.0 251.0 4.0
276.0 255.0 3.5
278.0 11.0 4.0
278.0 205.0 4.0
278.0 206.0 3.5
278.0 235.0 3.5
278.0 318.0 4.0
278.0 347.0 4.0
278.0 348.0 4.0
278.0 862.0 2.5
279.0 1.0 3.5
279.0 2.0 4.0
279.0 205.0 3.0
279.0 210.0 2.0
279.0 213.0 3.0
279.0 220.0 2.0
279.0 244.0 2.5
279.0 248.0 3.0
279.0 252.0 2.5
279.0 253.0 2.5
280.0 9.0 1.5
280.0 11.0 3.5
280.0 214.0 1.5
280.0 241.0 1.0
280.0 245.0 2.0
280.0 247.0 2.0
280.0 253.0 2.0
280.0 257.0 1.0
281.0 8.0 3.5
281.0 84.0 3.5
281.0 207.0 4.0
281.0 215.0 3.5
281.0 236.0 2.0
281.0 241.0 3.5
281.0 246.0 3.0
281.0 248.0 3.5
281.0 250.0 4.0
283.0 215.0 4.0
283.0 1024.0 4.0
284.0 9.0 4.0
284.0 242.0 3.5
284.0 365.0 3.5
284.0 1029.0 3.5
284.0 1033.0 4.0
285.0 3.0 4.0
285.0 6.0 4.0
285.0 9.0 3.5
285.0 93.0 4.0
285.0 234.0 3.5
286.0 1.0 4.0
286.0 3.0 3.0
286.0 11.0 4.0
286.0 207.0 4.0
286.0 235.0 4.0
287.0 17.0 1.0
290.0 11.0 3.5
291.0 1.0 3.0
291.0 7.0 4.0
291.0 207.0 2.0
291.0 241.0 2.5
291.0 247.0 2.0
291.0 254.0 3.5
291.0 257.0 3.0
292.0 1.0 3.5
292.0 7.0 3.5
292.0 13.0 2.5
292.0 216.0 4.0
292.0 251.0 4.0
293.0 1.0 2.5
293.0 2.0 4.0
293.0 4.0 2.5
293.0 210.0 3.5
293.0 211.0 3.5
293.0 215.0 3.5
293.0 219.0 2.5
293.0 246.0 3.5
293.0 248.0 3.0
293.0 250.0 3.0
293.0 254.0 3.5
294.0 2.0 3.0
294.0 13.0 3.5
294.0 84.0 1.5
294.0 206.0 2.0
294.0 214.0 3.5
294.0 216.0 2.0
294.0 234.0 3.0
294.0 246.0 2.0
294.0 248.0 2.0
295.0 1.0 2.5
295.0 4.0 4.0
295.0 7.0 1.5
295.0 13.0 0.5
295.0 17.0 3.5
295.0 205.0 1.5
295.0 210.0 2.0
295.0 211.0 3.0
295.0 216.0 1.0
295.0 243.0 2.0
295.0 252.0 2.0
296.0 1.0 3.5
296.0 3.0 2.0
296.0 11.0 1.0
296.0 220.0 3.0
296.0 252.0 3.0
297.0 3.0 4.0
298.0 11.0 3.5
298.0 241.0 3.5
298.0 257.0 3.0
298.0 335.0 3.5
298.0 339.0 1.0
298.0 1040.0 3.5
299.0 11.0 3.0
299.0 207.0 2.5
299.0 215.0 4.0
299.0 216.0 2.5
299.0 245.0 3.0
299.0 251.0 3.5
299.0 256.0 3.5
300.0 398.0 0.5
300.0 898.0 3.5
300.0 1011.0 3.5
300.0 1042.0 3.0
300.0 1046.0 1.0
300.0 1050.0 3.5
300.0 1054.0 2.5
300.0 1060.0 2.5
300.0 1068.0 1.0
301.0 6.0 4.0
301.0 12.0 3.0
301.0 249.0 3.0
302.0 2.0 4.0
302.0 8.0 4.0
302.0 17.0 3.0
302.0 121.0 3.5
302.0 207.0 2.5
302.0 217.0 3.0
302.0 247.0 2.0
302.0 249.0 3.0
302.0 250.0 2.5
303.0 9.0 1.5
303.0 235.0 3.0
303.0 250.0 2.0
303.0 252.0 1.5
306.0 4.0 4.0
306.0 17.0 4.0
306.0 207.0 3.5
307.0 2.0 4.0
307.0 304.0 4.0
307.0 453.0 2.5
307.0 1070.0 2.0
308.0 90.0 2.5
308.0 235.0 5.5
308.0 239.0 3.5
308.0 434.0 1.0
308.0 497.0 2.0
308.0 930.0 0.5
308.0 1074.0 3.5
308.0 1080.0 0.5
308.0 1086.0 1.0
308.0 1088.0 0.5
308.0 1092.0 3.0
308.0 1093.0 4.0
308.0 1095.0 0.5
308.0 1106.0 2.5
308.0 1108.0 1.0
308.0 1109.0 1.0
308.0 1115.0 4.0
308.0 1118.0 3.5
308.0 1119.0 2.5
309.0 5.0 2.5
309.0 6.0 3.0
309.0 205.0 3.5
309.0 241.0 1.0
310.0 142.0 2.5
310.0 278.0 3.5
310.0 585.0 2.5
310.0 688.0 2.0
310.0 793.0 4.0
311.0 11.0 3.5
311.0 17.0 3.0
311.0 211.0 2.5
312.0 1.0 3.0
312.0 10.0 2.0
312.0 207.0 1.5
312.0 215.0 3.5
312.0 234.0 1.5
312.0 245.0 3.0
312.0 255.0 2.0
312.0 719.0 0.5
312.0 898.0 4.0
313.0 10.0 2.5
313.0 217.0 3.5
313.0 219.0 4.0
313.0 234.0 4.0
313.0 235.0 4.0
313.0 247.0 3.5
313.0 1125.0 4.0
313.0 1129.0 4.0
314.0 11.0 3.5
314.0 787.0 3.5
315.0 207.0 2.0
315.0 219.0 4.0
315.0 257.0 4.0
315.0 435.0 4.0
316.0 4.0 0.5
316.0 7.0 0.5
316.0 12.0 0.5
316.0 13.0 2.0
316.0 205.0 3.5
316.0 207.0 3.5
316.0 217.0 0.5
316.0 236.0 4.0
316.0 245.0 0.5
316.0 246.0 1.0
316.0 252.0 0.5
316.0 1133.0 4.0
316.0 1137.0 4.0
316.0 1144.0 3.5
316.0 1149.0 3.5
316.0 1154.0 3.0
317.0 11.0 3.5
317.0 218.0 3.5
317.0 565.0 3.0
317.0 657.0 3.0
317.0 1163.0 2.5
318.0 3.0 0.5
318.0 215.0 3.0
318.0 239.0 3.0
318.0 252.0 2.0
319.0 1.0 0.5
319.0 6.0 1.0
319.0 10.0 1.0
319.0 11.0 3.5
319.0 13.0 3.5
319.0 205.0 1.0
319.0 211.0 2.0
319.0 249.0 1.5
319.0 250.0 2.0
319.0 252.0 1.0
319.0 254.0 1.0
320.0 2.0 3.5
320.0 10.0 3.0
320.0 17.0 3.5
320.0 205.0 3.5
320.0 211.0 4.0
320.0 234.0 3.0
320.0 255.0 4.0
320.0 1171.0 2.0
320.0 1180.0 1.0
321.0 9.0 3.5
321.0 206.0 3.5
321.0 236.0 2.0
322.0 3.0 3.0
322.0 12.0 2.0
322.0 217.0 4.0
323.0 26.0 3.5
323.0 73.0 3.0
323.0 293.0 2.5
323.0 336.0 4.0
323.0 391.0 4.0
323.0 442.0 2.0
323.0 490.0 2.0
323.0 494.0 4.0
323.0 509.0 3.0
323.0 512.0 3.0
323.0 593.0 2.5
323.0 599.0 2.0
323.0 604.0 4.0
323.0 657.0 4.0
323.0 658.0 4.0
323.0 675.0 3.0
323.0 715.0 3.0
323.0 717.0 2.5
323.0 723.0 3.5
323.0 727.0 2.5
323.0 763.0 3.5
323.0 858.0 3.0
323.0 1193.0 4.0
324.0 2.0 4.0
324.0 4.0 3.5
324.0 9.0 4.0
324.0 13.0 4.0
325.0 10.0 4.0
325.0 12.0 3.0
325.0 13.0 4.0
325.0 205.0 4.0
325.0 235.0 4.0
325.0 245.0 4.0
326.0 1.0 2.5
326.0 4.0 2.5
326.0 11.0 3.0
326.0 206.0 4.0
326.0 236.0 3.5
327.0 11.0 3.0
327.0 251.0 4.0
328.0 3.0 3.0
328.0 4.0 3.0
328.0 7.0 4.0
328.0 17.0 2.5
328.0 207.0 3.0
328.0 214.0 3.5
328.0 219.0 4.0
328.0 241.0 3.0
328.0 251.0 3.5
328.0 255.0 2.0
329.0 9.0 4.0
329.0 241.0 1.0
330.0 2.0 2.5
330.0 6.0 4.0
330.0 10.0 4.0
330.0 212.0 3.5
330.0 215.0 4.0
330.0 234.0 2.5
330.0 243.0 3.5
330.0 244.0 4.0
330.0 246.0 2.0
331.0 1.0 4.0
331.0 7.0 3.5
331.0 9.0 4.0
331.0 215.0 3.5
331.0 253.0 3.5
332.0 211.0 3.0
333.0 10.0 1.5
333.0 17.0 2.5
333.0 207.0 2.5
334.0 235.0 2.5
334.0 243.0 1.0
335.0 4.0 3.0
335.0 6.0 2.5
335.0 210.0 3.0
335.0 216.0 3.5
335.0 219.0 3.5
335.0 236.0 3.5
335.0 239.0 3.0
335.0 243.0 3.0
335.0 255.0 3.5
335.0 256.0 3.0
336.0 5.0 2.5
337.0 7.0 4.0
338.0 205.0 3.0
338.0 206.0 3.5
338.0 211.0 4.0
339.0 17.0 4.0
339.0 207.0 3.0
339.0 211.0 4.0
339.0 220.0 4.0
340.0 4.0 4.0
341.0 13.0 4.0
342.0 257.0 3.5
343.0 255.0 3.5
344.0 8.0 3.5
344.0 207.0 3.0
345.0 5.0 2.0
345.0 59.0 4.0
345.0 512.0 4.0
346.0 13.0 3.0
346.0 215.0 2.5
346.0 217.0 2.5
346.0 234.0 3.5
346.0 235.0 1.0
346.0 241.0 3.0
346.0 244.0 3.0
346.0 250.0 3.0
346.0 252.0 3.0
346.0 1010.0 4.0
347.0 29.0 3.5
347.0 96.0 4.0
347.0 138.0 4.0
347.0 172.0 4.0
347.0 787.0 4.0
347.0 793.0 4.0
347.0 1123.0 4.0
348.0 3.0 3.0
348.0 13.0 3.5
348.0 213.0 3.5
348.0 239.0 2.5
348.0 250.0 3.5
349.0 2.0 2.0
349.0 5.0 2.5
349.0 7.0 3.0
349.0 13.0 4.0
349.0 216.0 1.5
349.0 235.0 0.5
349.0 243.0 2.5
349.0 251.0 2.0
349.0 252.0 3.0
350.0 1.0 3.0
350.0 17.0 4.0
350.0 84.0 3.5
350.0 121.0 4.0
350.0 205.0 3.0
350.0 211.0 4.0
350.0 235.0 3.5
350.0 236.0 3.5
350.0 247.0 3.5
351.0 7.0 4.0
352.0 5.0 4.0
352.0 6.0 3.5
352.0 12.0 3.0
352.0 17.0 3.0
352.0 84.0 2.5
352.0 205.0 4.0
352.0 210.0 2.5
352.0 245.0 2.0
352.0 248.0 2.0
352.0 254.0 3.0
353.0 4.0 3.0
353.0 8.0 1.0
353.0 17.0 1.0
353.0 207.0 3.0
353.0 215.0 3.0
353.0 234.0 2.5
353.0 255.0 2.5
354.0 247.0 3.0
355.0 10.0 3.0
355.0 59.0 3.5
355.0 206.0 3.5
355.0 217.0 1.0
355.0 341.0 0.5
355.0 378.0 2.0
355.0 385.0 3.0
355.0 386.0 0.5
355.0 396.0 3.5
355.0 397.0 1.5
355.0 409.0 1.0
355.0 434.0 4.0
355.0 442.0 1.0
355.0 447.0 3.0
355.0 488.0 2.5
355.0 511.0 3.5
355.0 516.0 3.5
355.0 518.0 4.0
355.0 606.0 2.5
355.0 705.0 3.0
355.0 787.0 3.0
356.0 205.0 1.0
356.0 213.0 0.5
356.0 214.0 0.5
356.0 215.0 0.5
356.0 219.0 1.5
356.0 257.0 4.0
357.0 2.0 2.0
359.0 6.0 4.0
359.0 7.0 3.5
359.0 236.0 3.0
359.0 278.0 4.0
360.0 9.0 3.0
360.0 13.0 2.0
360.0 213.0 4.0
360.0 220.0 3.5
360.0 253.0 3.0
361.0 253.0 4.0
361.0 274.0 3.0
361.0 1199.0 3.0
361.0 1202.0 2.5
361.0 1203.0 4.0
361.0 1204.0 3.5
362.0 17.0 3.0
362.0 219.0 3.0
362.0 241.0 3.5
362.0 248.0 3.0
362.0 250.0 4.0
362.0 257.0 2.0
363.0 2.0 3.0
363.0 245.0 2.5
364.0 2.0 2.0
364.0 235.0 3.0
364.0 391.0 4.0
365.0 8.0 3.0
365.0 9.0 3.0
365.0 84.0 2.0
365.0 206.0 3.5
365.0 210.0 2.5
365.0 216.0 3.0
365.0 219.0 3.5
365.0 220.0 2.0
365.0 246.0 4.0
365.0 247.0 2.0
365.0 256.0 3.0
366.0 5.0 3.5
367.0 4.0 3.0
367.0 84.0 3.5
367.0 121.0 3.0
367.0 216.0 3.0
367.0 220.0 3.0
367.0 234.0 4.0
367.0 246.0 3.0
367.0 251.0 3.0
367.0 255.0 3.0
368.0 5.0 3.5
368.0 6.0 2.5
368.0 9.0 4.0
368.0 205.0 1.0
368.0 207.0 3.0
368.0 213.0 3.0
368.0 257.0 1.0
369.0 11.0 2.5
370.0 2.0 2.5
370.0 235.0 3.0
370.0 250.0 4.0
374.0 3.0 1.0
374.0 8.0 3.0
374.0 17.0 3.5
374.0 207.0 4.0
374.0 211.0 2.5
374.0 213.0 2.0
374.0 216.0 3.5
374.0 245.0 2.0
374.0 246.0 2.0
375.0 17.0 1.5
375.0 522.0 4.0
375.0 1210.0 0.5
376.0 2.0 4.0
378.0 212.0 4.0
378.0 216.0 4.0
378.0 218.0 4.0
379.0 10.0 4.0
380.0 207.0 2.0
380.0 217.0 3.0
381.0 84.0 3.0
381.0 213.0 3.0
381.0 216.0 3.0
381.0 219.0 3.0
381.0 241.0 2.5
381.0 243.0 3.0
381.0 247.0 3.0
381.0 252.0 3.0
381.0 257.0 3.0
382.0 217.0 4.0
382.0 235.0 3.5
382.0 255.0 3.5
382.0 1212.0 2.5
383.0 5.0 3.5
383.0 219.0 4.0
384.0 2.0 2.5
384.0 5.0 3.5
384.0 10.0 1.0
384.0 205.0 0.5
384.0 210.0 2.5
384.0 215.0 4.0
384.0 219.0 3.0
384.0 236.0 4.0
384.0 248.0 2.0
384.0 249.0 3.0
385.0 3.0 2.5
385.0 13.0 2.5
385.0 215.0 2.0
385.0 220.0 2.0
386.0 6.0 1.0
386.0 8.0 3.5
386.0 11.0 4.0
386.0 12.0 4.0
386.0 213.0 3.0
386.0 216.0 1.0
386.0 233.0 3.5
386.0 245.0 4.0
386.0 249.0 4.0
386.0 254.0 3.5
387.0 1216.0 0.5
388.0 1.0 3.0
389.0 2.0 3.0
389.0 7.0 4.0
389.0 8.0 4.0
389.0 10.0 2.0
389.0 13.0 3.0
389.0 210.0 2.0
389.0 245.0 2.0
389.0 252.0 2.0
389.0 253.0 2.0
389.0 254.0 2.0
389.0 255.0 2.0
391.0 215.0 3.5
391.0 239.0 3.5
391.0 244.0 3.5
391.0 251.0 3.5
392.0 3.0 4.0
392.0 207.0 4.0
392.0 220.0 3.0
392.0 236.0 4.0
392.0 241.0 4.0
393.0 1.0 3.0
393.0 2.0 2.0
393.0 6.0 3.5
393.0 205.0 3.0
393.0 207.0 1.5
393.0 213.0 3.0
393.0 219.0 3.5
393.0 236.0 3.5
395.0 7.0 3.5
395.0 9.0 3.5
395.0 10.0 3.0
395.0 215.0 3.5
395.0 217.0 3.5
395.0 247.0 1.0
395.0 251.0 3.0
395.0 255.0 3.0
395.0 257.0 1.5
396.0 389.0 1.5
396.0 483.0 4.0
396.0 492.0 2.5
396.0 501.0 3.0
396.0 520.0 3.0
396.0 606.0 2.5
396.0 830.0 3.0
396.0 831.0 3.0
396.0 947.0 2.5
396.0 1029.0 3.5
396.0 1227.0 3.0
397.0 10.0 3.0
397.0 214.0 3.0
397.0 251.0 4.0
397.0 280.0 4.0
397.0 1232.0 3.5
397.0 1233.0 4.0
398.0 12.0 4.0
399.0 207.0 0.5
400.0 10.0 1.0
401.0 7.0 4.0
401.0 10.0 4.0
401.0 11.0 4.0
401.0 212.0 3.5
401.0 215.0 3.5
401.0 220.0 3.5
401.0 244.0 3.5
401.0 247.0 3.0
401.0 250.0 4.0
401.0 251.0 3.5
402.0 1.0 4.0
402.0 767.0 4.0
402.0 1239.0 0.5
402.0 1245.0 3.5
402.0 1253.0 3.0
403.0 220.0 3.5
403.0 241.0 3.0
404.0 5.0 4.0
404.0 6.0 3.0
404.0 17.0 4.0
404.0 233.0 3.0
404.0 241.0 3.5
404.0 253.0 4.0
404.0 257.0 4.0
406.0 9.0 4.0
406.0 121.0 4.0
406.0 210.0 2.5
406.0 214.0 4.0
406.0 217.0 2.5
406.0 219.0 4.0
406.0 236.0 4.0
406.0 251.0 3.5
406.0 255.0 4.0
407.0 3.0 3.5
408.0 12.0 0.5
408.0 17.0 3.0
408.0 207.0 0.5
408.0 236.0 0.5
409.0 4.0 2.0
409.0 10.0 1.0
409.0 242.0 4.0
410.0 10.0 3.0
410.0 236.0 2.5
410.0 257.0 2.5
411.0 3.0 4.0
411.0 8.0 4.0
411.0 205.0 4.0
411.0 214.0 4.0
411.0 216.0 0.5
411.0 241.0 4.0
411.0 246.0 3.5
411.0 252.0 4.0
411.0 254.0 3.5
411.0 255.0 2.0
412.0 1.0 4.0
412.0 4.0 2.0
412.0 17.0 3.5
412.0 121.0 2.0
412.0 214.0 2.0
412.0 215.0 3.0
412.0 220.0 3.0
412.0 244.0 3.0
412.0 251.0 3.0
412.0 252.0 2.0
412.0 253.0 2.0
413.0 2.0 4.0
413.0 241.0 3.5
413.0 242.0 3.5
413.0 779.0 1.5
413.0 876.0 4.0
414.0 7.0 3.5
414.0 207.0 3.5
415.0 215.0 3.5
416.0 10.0 2.5
416.0 17.0 3.0
416.0 211.0 4.0
417.0 243.0 3.5
417.0 248.0 4.0
418.0 205.0 4.0
418.0 235.0 2.0
418.0 249.0 3.0
420.0 10.0 2.0
420.0 210.0 2.5
420.0 213.0 2.5
420.0 215.0 4.0
420.0 233.0 1.5
420.0 236.0 2.0
420.0 244.0 3.0
420.0 247.0 2.0
420.0 253.0 3.0
420.0 254.0 3.5
420.0 256.0 3.0
421.0 8.0 2.5
421.0 12.0 3.0
421.0 207.0 3.5
422.0 1258.0 3.5
423.0 2.0 3.0
423.0 254.0 2.5
423.0 257.0 1.5
424.0 7.0 2.5
424.0 13.0 2.5
424.0 17.0 4.0
424.0 210.0 0.5
424.0 216.0 1.5
424.0 236.0 4.0
424.0 246.0 4.0
424.0 248.0 2.0
424.0 251.0 2.0
424.0 255.0 3.5
425.0 6.0 1.0
425.0 9.0 2.0
425.0 12.0 1.5
425.0 17.0 1.5
425.0 205.0 4.0
425.0 211.0 2.5
425.0 243.0 1.5
425.0 256.0 4.0
425.0 257.0 2.0
426.0 9.0 2.5
426.0 239.0 2.5
426.0 250.0 1.5
426.0 255.0 3.0
427.0 1.0 2.5
427.0 11.0 3.5
427.0 12.0 1.5
427.0 206.0 3.0
427.0 233.0 2.5
427.0 235.0 1.5
427.0 250.0 3.0
427.0 313.0 4.0
428.0 6.0 4.0
428.0 17.0 4.0
428.0 84.0 3.5
428.0 210.0 3.0
428.0 213.0 4.0
428.0 233.0 4.0
428.0 246.0 4.0
428.0 250.0 4.0
428.0 251.0 3.5
429.0 2.0 3.0
429.0 5.0 4.0
429.0 7.0 4.0
429.0 205.0 3.5
429.0 207.0 3.0
429.0 215.0 3.5
430.0 585.0 3.5
432.0 11.0 4.0
432.0 12.0 2.5
432.0 207.0 1.0
433.0 780.0 2.0
433.0 1261.0 3.5
433.0 1263.0 4.0
433.0 1264.0 3.0
433.0 1267.0 3.0
435.0 435.0 3.5
435.0 506.0 2.0
436.0 9.0 3.5
436.0 251.0 2.5
436.0 757.0 4.0
436.0 1271.0 3.5
436.0 1272.0 1.0
437.0 2.0 3.0
437.0 7.0 3.5
437.0 206.0 2.0
437.0 207.0 2.5
437.0 210.0 1.5
437.0 212.0 0.5
437.0 213.0 3.0
437.0 217.0 1.0
437.0 245.0 1.5
437.0 254.0 0.5
438.0 8.0 4.0
438.0 239.0 1.0
438.0 250.0 4.0
439.0 2.0 3.0
439.0 3.0 3.0
439.0 210.0 3.5
439.0 214.0 4.0
439.0 216.0 2.5
439.0 243.0 3.0
439.0 245.0 3.0
439.0 247.0 4.0
439.0 248.0 3.0
439.0 255.0 3.5
440.0 214.0 4.0
440.0 215.0 3.5
441.0 5.0 4.0
441.0 84.0 4.0
441.0 207.0 3.5
441.0 210.0 3.0
441.0 245.0 3.0
441.0 249.0 3.0
441.0 250.0 3.5
441.0 252.0 3.0
442.0 6.0 3.0
442.0 7.0 3.0
442.0 207.0 3.0
442.0 233.0 3.0
442.0 239.0 3.0
442.0 243.0 3.5
442.0 246.0 3.0
442.0 250.0 3.5
442.0 254.0 4.0
443.0 11.0 3.5
444.0 2.0 3.5
444.0 7.0 3.0
444.0 121.0 3.5
444.0 205.0 4.0
444.0 214.0 3.0
444.0 215.0 3.5
444.0 244.0 3.5
444.0 255.0 3.5
445.0 7.0 3.5
445.0 10.0 2.0
445.0 11.0 2.5
445.0 205.0 3.0
445.0 212.0 2.5
445.0 213.0 1.5
445.0 215.0 1.0
446.0 207.0 2.5
446.0 241.0 3.5
447.0 17.0 4.0
448.0 5.0 4.0
448.0 6.0 4.0
448.0 235.0 3.0
448.0 247.0 3.0
448.0 424.0 4.0
448.0 507.0 4.0
449.0 5.0 4.0
449.0 12.0 3.0
449.0 207.0 2.0
450.0 4.0 3.0
450.0 11.0 3.0
451.0 11.0 4.0
451.0 121.0 4.0
451.0 205.0 0.5
451.0 216.0 3.0
451.0 217.0 3.5
451.0 219.0 2.0
451.0 220.0 2.5
451.0 243.0 1.5
451.0 255.0 2.0
451.0 257.0 4.0
452.0 4.0 3.0
452.0 6.0 3.5
452.0 210.0 3.0
452.0 211.0 3.5
452.0 212.0 3.0
452.0 234.0 3.0
452.0 236.0 4.0
452.0 239.0 3.0
452.0 244.0 4.0
452.0 1285.0 4.0
453.0 1.0 1.0
453.0 10.0 1.0
453.0 216.0 1.0
454.0 1.0 2.5
454.0 7.0 4.0
454.0 12.0 3.0
454.0 217.0 3.5
454.0 254.0 3.5
455.0 4.0 4.0
455.0 9.0 4.0
455.0 17.0 4.0
455.0 219.0 3.5
455.0 220.0 3.0
455.0 254.0 3.5
456.0 206.0 3.0
456.0 233.0 2.5
456.0 475.0 3.0
456.0 517.0 3.5
457.0 6.0 4.0
457.0 10.0 3.5
457.0 205.0 2.0
457.0 207.0 4.0
457.0 210.0 2.5
457.0 212.0 3.0
457.0 233.0 3.5
457.0 236.0 2.5
457.0 245.0 2.5
457.0 249.0 2.5
457.0 253.0 1.0
459.0 4.0 3.0
459.0 13.0 2.5
459.0 216.0 3.0
459.0 219.0 2.5
459.0 239.0 3.0
459.0 241.0 3.0
459.0 243.0 3.5
459.0 247.0 2.5
459.0 253.0 3.0
459.0 257.0 3.5
460.0 2.0 2.0
460.0 3.0 1.5
460.0 11.0 3.0
460.0 17.0 3.0
460.0 205.0 2.0
460.0 213.0 3.0
460.0 215.0 1.0
460.0 217.0 4.0
460.0 219.0 2.0
460.0 241.0 1.0
460.0 252.0 3.5
461.0 8.0 4.0
461.0 213.0 0.5
461.0 215.0 2.5
461.0 219.0 2.5
461.0 235.0 2.5
461.0 257.0 1.0
463.0 1290.0 4.0
464.0 2.0 3.5
464.0 6.0 4.0
464.0 11.0 4.0
464.0 253.0 4.0
464.0 257.0 3.0
464.0 458.0 4.0
465.0 2.0 2.5
465.0 11.0 3.0
465.0 236.0 4.0
466.0 2.0 4.0
466.0 10.0 2.0
466.0 13.0 4.0
466.0 212.0 3.0
466.0 243.0 2.5
466.0 244.0 3.5
466.0 246.0 4.0
466.0 249.0 2.0
466.0 254.0 4.0
467.0 2.0 2.0
467.0 10.0 3.0
467.0 12.0 4.0
467.0 206.0 3.0
467.0 215.0 2.0
467.0 234.0 2.5
467.0 245.0 2.5
467.0 250.0 3.0
467.0 563.0 4.0
467.0 789.0 3.5
468.0 3.0 3.0
468.0 6.0 4.0
468.0 11.0 1.5
468.0 212.0 3.0
468.0 217.0 1.0
468.0 219.0 2.0
468.0 236.0 3.0
468.0 245.0 4.0
468.0 249.0 1.5
468.0 257.0 1.5
469.0 4.0 4.0
469.0 7.0 3.5
469.0 219.0 4.0
470.0 216.0 4.0
470.0 241.0 4.0
471.0 1.0 2.0
471.0 217.0 2.0
472.0 3.0 3.0
472.0 218.0 1.5
472.0 220.0 3.5
472.0 241.0 3.0
473.0 7.0 4.0
473.0 239.0 2.0
475.0 2.0 1.5
475.0 213.0 4.0
476.0 1.0 3.5
476.0 13.0 4.0
476.0 254.0 4.0
477.0 1.0 3.0
477.0 8.0 3.5
477.0 206.0 2.5
477.0 213.0 1.5
477.0 214.0 1.0
477.0 217.0 3.5
477.0 220.0 3.0
477.0 244.0 1.5
477.0 246.0 2.0
477.0 251.0 2.5
477.0 255.0 0.5
478.0 9.0 1.5
478.0 31.0 1.5
478.0 211.0 3.5
478.0 278.0 1.5
478.0 473.0 4.0
478.0 536.0 1.0
478.0 539.0 2.0
478.0 1294.0 3.5
479.0 9.0 3.5
479.0 278.0 4.0
479.0 913.0 4.0
480.0 4.0 3.5
480.0 205.0 2.5
481.0 7.0 4.0
482.0 13.0 3.0
482.0 213.0 3.5
482.0 214.0 0.5
482.0 215.0 3.5
482.0 233.0 2.5
482.0 234.0 2.5
482.0 235.0 3.0
483.0 2.0 1.0
483.0 6.0 1.5
483.0 205.0 1.0
483.0 233.0 0.5
483.0 235.0 3.0
483.0 241.0 1.5
483.0 248.0 0.5
483.0 250.0 1.0
483.0 255.0 2.5
484.0 1.0 3.0
484.0 8.0 4.0
485.0 4.0 3.5
485.0 7.0 4.0
485.0 84.0 2.5
485.0 205.0 4.0
485.0 207.0 3.5
485.0 216.0 3.5
485.0 220.0 3.0
485.0 234.0 3.5
485.0 247.0 3.5
485.0 252.0 3.5
485.0 408.0 3.5
486.0 5.0 3.5
486.0 7.0 2.5
487.0 2.0 3.5
487.0 3.0 3.5
487.0 6.0 2.0
487.0 10.0 3.5
487.0 220.0 4.0
487.0 243.0 2.5
487.0 248.0 3.0
487.0 252.0 3.5
487.0 257.0 2.0
488.0 4.0 3.5
488.0 13.0 3.0
488.0 121.0 3.0
488.0 398.0 3.5
488.0 526.0 3.5
489.0 3.0 3.0
489.0 293.0 4.0
489.0 318.0 4.0
489.0 521.0 4.0
489.0 750.0 4.0
489.0 879.0 0.5
490.0 1.0 2.5
490.0 2.0 2.0
490.0 7.0 4.0
490.0 10.0 3.5
490.0 217.0 2.5
490.0 239.0 2.0
490.0 247.0 3.5
490.0 254.0 3.0
491.0 4.0 3.0
491.0 215.0 3.5
492.0 6.0 3.0
492.0 9.0 3.5
492.0 11.0 3.5
492.0 211.0 3.5
492.0 213.0 3.0
492.0 236.0 4.0
492.0 244.0 1.5
492.0 247.0 2.0
492.0 252.0 2.0
492.0 257.0 2.0
494.0 1.0 3.0
494.0 17.0 3.0
494.0 210.0 3.0
494.0 213.0 3.5
494.0 217.0 2.5
494.0 219.0 3.5
494.0 241.0 2.5
494.0 255.0 4.0
495.0 10.0 3.0
495.0 17.0 2.5
495.0 211.0 2.5
495.0 233.0 3.0
497.0 9.0 2.5
498.0 8.0 4.0
498.0 207.0 2.5
499.0 17.0 2.0
500.0 1.0 2.0
500.0 9.0 3.5
500.0 11.0 4.0
500.0 121.0 3.5
500.0 207.0 4.0
500.0 233.0 4.0
500.0 234.0 3.5
500.0 236.0 3.5
500.0 243.0 3.5
500.0 257.0 3.5
502.0 9.0 3.5
502.0 13.0 3.0
502.0 17.0 4.0
502.0 121.0 2.0
502.0 205.0 1.0
502.0 211.0 3.5
502.0 214.0 2.5
502.0 219.0 3.0
502.0 236.0 4.0
502.0 246.0 3.0
502.0 249.0 2.5
503.0 9.0 4.0
503.0 216.0 3.0
503.0 219.0 4.0
503.0 305.0 3.5
503.0 342.0 3.5
503.0 764.0 4.0
503.0 1307.0 4.0
504.0 3.0 2.5
504.0 6.0 3.5
504.0 8.0 4.0
504.0 236.0 3.5
505.0 5.0 1.5
505.0 7.0 0.5
505.0 10.0 4.0
505.0 121.0 2.0
505.0 206.0 4.0
505.0 211.0 0.5
505.0 235.0 3.0
505.0 243.0 3.0
505.0 245.0 2.5
505.0 250.0 4.0
506.0 13.0 4.0
506.0 210.0 3.0
506.0 234.0 4.0
506.0 477.0 3.0
507.0 1.0 4.0
507.0 6.0 4.0
507.0 216.0 3.0
507.0 234.0 2.5
507.0 239.0 3.0
507.0 243.0 3.0
507.0 247.0 3.0
507.0 249.0 3.0
507.0 251.0 4.0
508.0 8.0 4.0
508.0 242.0 3.5
508.0 940.0 3.5
509.0 1.0 3.0
509.0 2.0 3.0
509.0 10.0 3.0
509.0 219.0 4.0
509.0 352.0 3.5
509.0 434.0 3.0
509.0 522.0 3.5
509.0 592.0 1.5
509.0 921.0 3.5
509.0 930.0 3.0
509.0 931.0 1.5
509.0 1311.0 0.5
509.0 1313.0 4.0
509.0 1321.0 2.5
509.0 1322.0 4.0
510.0 376.0 2.5
510.0 392.0 4.0
510.0 396.0 3.0
510.0 465.0 3.5
510.0 753.0 3.5
510.0 1333.0 4.0
513.0 7.0 2.0
514.0 7.0 2.5
514.0 13.0 3.5
514.0 207.0 2.0
514.0 798.0 4.0
515.0 6.0 4.0
515.0 17.0 3.0
515.0 206.0 4.0
515.0 213.0 4.0
515.0 233.0 2.5
515.0 236.0 2.5
515.0 239.0 3.0
515.0 254.0 3.5
517.0 9.0 2.0
517.0 205.0 3.5
517.0 211.0 1.0
517.0 212.0 3.0
517.0 216.0 3.0
517.0 233.0 2.0
517.0 236.0 2.5
517.0 244.0 3.5
517.0 251.0 2.5
517.0 256.0 3.5
518.0 220.0 2.5
518.0 234.0 4.0
518.0 250.0 4.0
519.0 1.0 4.0
519.0 7.0 4.0
519.0 9.0 4.0
519.0 10.0 3.0
519.0 1212.0 3.5
520.0 9.0 3.0
520.0 11.0 4.0
520.0 12.0 3.5
520.0 13.0 4.0
520.0 217.0 4.0
521.0 13.0 2.5
522.0 84.0 2.5
522.0 205.0 3.5
523.0 220.0 3.5
523.0 239.0 3.5
523.0 249.0 3.0
523.0 250.0 4.0
523.0 251.0 4.0
523.0 255.0 3.0
524.0 12.0 1.0
524.0 13.0 3.5
526.0 84.0 0.5
526.0 91.0 4.0
526.0 215.0 3.5
526.0 255.0 1.0
527.0 1.0 4.0
528.0 7.0 4.0
528.0 219.0 2.5
528.0 986.0 4.0
530.0 1.0 3.0
530.0 8.0 3.5
530.0 207.0 2.5
530.0 233.0 3.5
530.0 235.0 3.0
530.0 236.0 4.0
530.0 239.0 3.5
530.0 247.0 3.5
530.0 256.0 3.0
532.0 13.0 3.5
533.0 59.0 3.0
533.0 236.0 3.0
533.0 241.0 3.0
533.0 251.0 3.5
533.0 379.0 4.0
533.0 383.0 2.5
533.0 392.0 4.0
533.0 397.0 2.5
533.0 528.0 3.0
533.0 534.0 3.5
533.0 545.0 4.0
533.0 583.0 2.5
533.0 589.0 2.5
533.0 590.0 2.0
533.0 787.0 4.0
533.0 986.0 2.5
533.0 1001.0 4.0
534.0 207.0 2.5
534.0 215.0 3.0
534.0 245.0 2.5
535.0 10.0 4.0
535.0 17.0 1.5
535.0 84.0 3.0
535.0 207.0 3.0
535.0 215.0 2.5
535.0 216.0 1.5
535.0 217.0 2.5
535.0 239.0 3.0
535.0 251.0 2.0
535.0 254.0 2.5
536.0 5.0 2.5
536.0 216.0 2.0
536.0 235.0 1.0
536.0 239.0 2.0
536.0 251.0 1.5
536.0 252.0 2.0
536.0 255.0 2.0
536.0 256.0 3.0
537.0 6.0 2.0
537.0 10.0 3.5
537.0 12.0 0.5
537.0 210.0 3.0
537.0 211.0 3.0
537.0 216.0 1.5
537.0 220.0 1.0
537.0 239.0 3.5
537.0 255.0 1.0
537.0 257.0 0.5
537.0 1017.0 2.0
538.0 6.0 2.0
538.0 8.0 3.5
538.0 211.0 3.5
538.0 234.0 3.0
538.0 239.0 3.0
538.0 246.0 3.0
538.0 248.0 4.0
538.0 252.0 2.0
539.0 6.0 4.0
539.0 9.0 4.0
539.0 213.0 3.5
539.0 217.0 3.5
539.0 235.0 2.5
539.0 246.0 3.5
539.0 247.0 3.0
539.0 251.0 4.0
539.0 253.0 2.5
539.0 255.0 4.0
540.0 2.0 3.0
540.0 3.0 3.5
540.0 4.0 3.5
540.0 5.0 3.0
540.0 7.0 4.0
540.0 211.0 4.0
540.0 233.0 4.0
540.0 257.0 3.0
541.0 7.0 1.5
541.0 205.0 2.5
541.0 219.0 3.5
541.0 297.0 4.0
541.0 1346.0 4.0
542.0 1.0 3.5
542.0 10.0 3.0
542.0 236.0 4.0
544.0 7.0 3.5
544.0 17.0 4.0
544.0 84.0 4.0
544.0 212.0 3.0
544.0 219.0 4.0
544.0 234.0 3.5
544.0 241.0 4.0
544.0 245.0 4.0
544.0 246.0 3.0
544.0 250.0 4.0
544.0 251.0 4.0
545.0 13.0 2.5
546.0 1.0 4.0
546.0 211.0 2.5
546.0 216.0 4.0
546.0 512.0 3.0
546.0 1116.0 3.5
547.0 2.0 2.5
547.0 4.0 4.0
547.0 13.0 4.0
547.0 206.0 3.5
547.0 207.0 4.0
547.0 211.0 3.0
547.0 220.0 2.5
547.0 246.0 3.0
547.0 248.0 4.0
547.0 251.0 3.0
548.0 1.0 2.0
548.0 6.0 1.5
548.0 7.0 4.0
548.0 8.0 4.0
548.0 84.0 1.0
548.0 245.0 2.0
548.0 255.0 2.0
548.0 256.0 1.0
549.0 17.0 2.0
549.0 206.0 2.5
549.0 207.0 3.0
549.0 211.0 3.0
549.0 212.0 3.0
549.0 236.0 3.5
549.0 243.0 3.5
549.0 245.0 2.5
549.0 255.0 3.0
550.0 3.0 2.5
550.0 7.0 2.5
550.0 84.0 0.5
550.0 206.0 3.0
550.0 220.0 3.0
550.0 233.0 2.0
550.0 1350.0 2.5
551.0 7.0 4.0
552.0 10.0 2.0
552.0 12.0 1.5
552.0 241.0 2.5
553.0 210.0 2.5
554.0 12.0 3.0
554.0 207.0 3.0
554.0 307.0 4.0
555.0 1.0 3.0
555.0 12.0 3.5
555.0 205.0 3.0
555.0 210.0 3.5
555.0 214.0 3.0
555.0 247.0 3.5
555.0 253.0 3.5
556.0 5.0 3.5
556.0 251.0 3.5
556.0 880.0 4.0
557.0 5.0 3.0
557.0 10.0 3.5
557.0 84.0 3.5
557.0 211.0 3.5
557.0 215.0 4.0
557.0 244.0 2.5
557.0 246.0 3.5
557.0 249.0 0.5
557.0 251.0 3.5
557.0 252.0 3.5
557.0 253.0 2.0
559.0 5.0 3.0
559.0 7.0 2.5
559.0 12.0 1.5
559.0 84.0 2.5
559.0 206.0 4.0
559.0 207.0 3.0
559.0 235.0 1.5
559.0 249.0 2.0
559.0 252.0 1.5
559.0 256.0 1.0
560.0 2.0 2.5
560.0 13.0 3.5
561.0 5.0 3.0
561.0 8.0 3.0
561.0 13.0 2.0
561.0 121.0 3.5
561.0 210.0 2.0
561.0 211.0 1.5
561.0 213.0 3.0
561.0 216.0 2.5
561.0 217.0 2.5
561.0 253.0 3.5
562.0 7.0 2.0
562.0 219.0 3.0
562.0 255.0 2.5
562.0 781.0 4.0
562.0 787.0 2.5
564.0 9.0 2.5
566.0 9.0 3.5
566.0 10.0 2.5
566.0 12.0 2.5
566.0 84.0 3.5
566.0 205.0 3.0
566.0 212.0 3.5
566.0 219.0 2.5
566.0 249.0 2.5
566.0 250.0 2.5
566.0 252.0 2.5
567.0 17.0 4.0
567.0 235.0 3.0
567.0 236.0 3.5
568.0 8.0 3.0
568.0 12.0 2.5
568.0 220.0 3.5
568.0 1277.0 4.0
568.0 1280.0 3.5
569.0 4.0 3.0
569.0 17.0 4.0
569.0 211.0 3.5
569.0 213.0 4.0
569.0 215.0 4.0
569.0 239.0 3.0
569.0 241.0 2.5
570.0 9.0 3.0
570.0 10.0 2.5
570.0 220.0 2.0
570.0 249.0 4.0
570.0 255.0 3.5
570.0 256.0 3.0
570.0 1356.0 2.5
571.0 7.0 4.0
571.0 210.0 3.5
571.0 214.0 3.5
571.0 219.0 4.0
571.0 246.0 3.5
571.0 250.0 3.5
571.0 252.0 3.0
571.0 253.0 3.5
571.0 256.0 3.0
572.0 236.0 4.0
572.0 245.0 3.5
572.0 1357.0 0.5
573.0 7.0 4.0
573.0 12.0 1.0
573.0 211.0 2.5
574.0 11.0 4.0
574.0 236.0 4.0
575.0 12.0 2.5
575.0 13.0 2.0
575.0 236.0 3.0
576.0 2.0 4.0
576.0 11.0 4.0
576.0 121.0 4.0
576.0 215.0 4.0
576.0 241.0 4.0
576.0 244.0 2.5
578.0 207.0 1.0
578.0 408.0 3.0
578.0 436.0 4.0
578.0 638.0 3.5
578.0 1056.0 3.5
578.0 1358.0 3.0
578.0 1365.0 3.0
578.0 1367.0 3.5
579.0 7.0 3.0
579.0 13.0 4.0
579.0 207.0 3.0
580.0 3.0 3.5
580.0 205.0 3.0
580.0 233.0 4.0
580.0 248.0 4.0
580.0 255.0 4.0
580.0 256.0 4.0
583.0 3.0 2.0
583.0 9.0 3.5
583.0 11.0 2.0
584.0 2.0 4.0
584.0 13.0 3.0
585.0 10.0 2.0
585.0 212.0 0.5
585.0 235.0 2.0
585.0 239.0 2.0
586.0 84.0 3.5
586.0 205.0 3.5
586.0 216.0 3.5
586.0 234.0 3.0
586.0 236.0 3.5
587.0 17.0 4.0
587.0 172.0 3.5
587.0 215.0 3.0
587.0 236.0 3.5
587.0 243.0 3.5
587.0 252.0 3.5
587.0 336.0 1.0
587.0 397.0 2.5
587.0 606.0 3.0
587.0 613.0 3.0
587.0 638.0 2.5
587.0 847.0 4.0
588.0 669.0 4.0
588.0 671.0 4.0
588.0 709.0 1.5
588.0 872.0 3.5
588.0 958.0 1.5
589.0 6.0 3.0
589.0 13.0 3.5
589.0 84.0 3.0
589.0 233.0 3.5
590.0 12.0 1.0
590.0 205.0 3.5
590.0 216.0 2.5
590.0 251.0 2.5
591.0 7.0 4.0
591.0 91.0 4.0
591.0 220.0 4.0
591.0 265.0 3.5
591.0 274.0 3.5
591.0 351.0 3.5
591.0 410.0 3.0
591.0 419.0 3.5
591.0 435.0 3.5
591.0 521.0 3.0
591.0 522.0 3.0
591.0 750.0 3.5
591.0 765.0 3.5
591.0 835.0 3.5
591.0 923.0 0.5
592.0 3.0 2.0
592.0 205.0 3.5
593.0 8.0 3.0
593.0 11.0 2.5
593.0 211.0 3.5
594.0 10.0 4.0
594.0 236.0 4.0
595.0 7.0 2.5
596.0 215.0 4.0
597.0 1.0 3.5
597.0 5.0 4.0
597.0 205.0 4.0
597.0 207.0 4.0
597.0 235.0 2.0
598.0 5.0 4.0
598.0 235.0 4.0
599.0 1.0 3.0
600.0 2.0 4.0
600.0 10.0 3.5
600.0 241.0 4.0
601.0 1.0 3.0
601.0 7.0 3.0
601.0 12.0 3.5
601.0 121.0 3.0
601.0 215.0 3.5
601.0 216.0 2.5
601.0 235.0 3.0
601.0 244.0 3.5
603.0 7.0 4.0
603.0 12.0 3.5
603.0 207.0 2.5
604.0 7.0 4.0
606.0 2.0 3.0
606.0 5.0 0.5
606.0 8.0 2.0
606.0 84.0 0.5
606.0 205.0 1.0
606.0 210.0 3.0
606.0 213.0 0.5
606.0 235.0 3.0
606.0 249.0 0.5
606.0 253.0 3.5
607.0 7.0 4.0
607.0 205.0 4.0
607.0 236.0 3.5
608.0 5.0 3.5
608.0 7.0 4.0
608.0 10.0 2.0
608.0 211.0 2.5
608.0 215.0 3.0
608.0 246.0 1.5
608.0 257.0 3.5
609.0 7.0 3.0
609.0 236.0 2.5
610.0 1.0 4.0
610.0 9.0 4.0
610.0 212.0 2.5
610.0 217.0 3.5
610.0 241.0 4.0
610.0 246.0 3.0
611.0 4.0 3.5
611.0 257.0 2.0
612.0 13.0 3.0
613.0 2.0 4.0
613.0 234.0 3.0
613.0 235.0 3.5
613.0 241.0 4.0
613.0 246.0 2.0
613.0 247.0 3.0
613.0 248.0 1.5
613.0 249.0 2.0
613.0 255.0 2.0
613.0 256.0 2.5
614.0 11.0 4.0
614.0 211.0 3.0
614.0 212.0 3.0
614.0 213.0 4.0
614.0 220.0 3.0
614.0 252.0 4.0
614.0 1362.0 3.0
614.0 1374.0 3.0
615.0 1.0 3.0
615.0 3.0 4.0
615.0 207.0 3.5
615.0 213.0 4.0
615.0 219.0 3.5
615.0 220.0 3.5
615.0 239.0 3.0
616.0 3.0 3.5
616.0 5.0 3.5
616.0 17.0 3.5
616.0 254.0 3.0
616.0 548.0 2.0
616.0 769.0 3.5
616.0 1054.0 3.5
617.0 2.0 3.5
617.0 3.0 3.0
617.0 10.0 3.0
617.0 205.0 3.0
617.0 945.0 3.0
618.0 2.0 3.0
618.0 96.0 4.0
618.0 236.0 4.0
618.0 241.0 2.0
620.0 207.0 3.5
620.0 235.0 2.5
620.0 1376.0 3.0
621.0 236.0 2.5
622.0 4.0 3.5
622.0 214.0 3.0
622.0 215.0 3.5
622.0 219.0 4.0
622.0 220.0 3.0
622.0 235.0 3.0
622.0 255.0 4.0
623.0 2.0 4.0
624.0 577.0 3.0
625.0 5.0 4.0
625.0 13.0 4.0
625.0 17.0 4.0
625.0 211.0 4.0
625.0 233.0 4.0
625.0 234.0 4.0
625.0 241.0 4.0
625.0 257.0 4.0
626.0 8.0 3.5
626.0 17.0 3.5
626.0 216.0 3.5
626.0 267.0 3.5
626.0 269.0 3.5
626.0 299.0 3.5
626.0 389.0 0.5
626.0 400.0 4.0
626.0 477.0 4.0
626.0 480.0 3.5
626.0 523.0 0.5
626.0 582.0 4.0
626.0 675.0 4.0
626.0 895.0 3.5
626.0 1029.0 4.0
626.0 1379.0 4.0
626.0 1382.0 0.5
626.0 1386.0 4.0
627.0 7.0 3.5
628.0 5.0 3.0
628.0 7.0 4.0
628.0 10.0 1.5
628.0 215.0 3.0
628.0 219.0 3.5
628.0 220.0 3.5
628.0 257.0 4.0
629.0 1.0 3.5
629.0 8.0 3.0
629.0 205.0 4.0
629.0 219.0 3.5
629.0 239.0 2.0
630.0 10.0 1.5
630.0 211.0 4.0
630.0 217.0 3.5
630.0 219.0 4.0
630.0 235.0 4.0
630.0 236.0 4.0
630.0 241.0 4.0
630.0 246.0 3.0
630.0 252.0 1.5
630.0 255.0 1.5
630.0 256.0 3.0
631.0 2.0 4.0
631.0 9.0 1.0
631.0 17.0 1.0
631.0 84.0 3.0
631.0 121.0 2.5
631.0 205.0 2.0
631.0 213.0 3.5
631.0 214.0 4.0
631.0 216.0 4.0
631.0 251.0 2.5
632.0 8.0 4.0
632.0 11.0 3.5
633.0 3.0 3.5
633.0 8.0 3.0
633.0 10.0 3.5
633.0 11.0 4.0
633.0 121.0 3.5
633.0 206.0 4.0
633.0 216.0 3.5
633.0 246.0 3.5
633.0 255.0 3.0
634.0 10.0 1.5
634.0 600.0 3.0
637.0 236.0 4.0
637.0 487.0 1.0
637.0 593.0 2.0
637.0 1121.0 4.0
638.0 1.0 3.0
638.0 8.0 2.5
638.0 9.0 3.0
638.0 11.0 4.0
638.0 210.0 4.0
638.0 255.0 3.5
638.0 717.0 4.0
639.0 205.0 3.5
639.0 216.0 3.0
639.0 246.0 4.0
640.0 1403.0 3.0
640.0 1404.0 4.0
641.0 5.0 0.5
641.0 11.0 4.0
641.0 241.0 4.0
641.0 254.0 1.5
642.0 12.0 3.0
642.0 205.0 2.5
642.0 216.0 2.5
643.0 2.0 4.0
644.0 7.0 3.0
645.0 59.0 4.0
645.0 241.0 2.5
645.0 250.0 2.5
645.0 359.0 3.5
646.0 205.0 3.5
646.0 207.0 3.0
646.0 216.0 3.0
647.0 13.0 2.5
647.0 219.0 2.0
647.0 665.0 4.0
647.0 1002.0 4.0
648.0 1.0 1.5
648.0 4.0 3.5
648.0 10.0 1.5
648.0 12.0 3.0
648.0 216.0 2.5
650.0 17.0 2.0
650.0 205.0 3.0
650.0 207.0 2.5
651.0 1.0 2.5
651.0 233.0 2.5
652.0 1.0 3.0
652.0 3.0 3.5
652.0 10.0 2.0
652.0 253.0 4.0
653.0 1.0 3.5
653.0 9.0 2.0
653.0 206.0 3.0
653.0 217.0 3.5
653.0 219.0 4.0
653.0 247.0 2.0
653.0 253.0 3.5
654.0 235.0 3.0
655.0 10.0 3.5
655.0 215.0 1.0
656.0 2.0 3.0
656.0 7.0 3.0
656.0 8.0 4.0
657.0 4.0 3.0
657.0 9.0 3.0
657.0 11.0 4.0
657.0 206.0 1.5
657.0 210.0 3.0
657.0 211.0 1.0
657.0 212.0 3.5
657.0 216.0 3.5
657.0 235.0 0.5
657.0 246.0 2.5
735.0 2.0 2.5
735.0 3.0 3.0
735.0 13.0 1.5
735.0 218.0 4.0
735.0 220.0 4.0
735.0 246.0 3.5
736.0 7.0 3.0
736.0 11.0 0.5
737.0 4.0 1.0
737.0 241.0 4.0
738.0 10.0 4.0
738.0 84.0 1.5
738.0 215.0 4.0
738.0 236.0 3.0
738.0 241.0 2.0
738.0 250.0 4.0
739.0 207.0 3.0
739.0 406.0 3.5
739.0 431.0 3.0
739.0 480.0 3.0
739.0 699.0 3.0
739.0 746.0 2.5
739.0 1026.0 3.0
739.0 1072.0 3.5
740.0 5.0 4.0
740.0 207.0 4.0
740.0 213.0 3.5
740.0 233.0 3.0
741.0 13.0 4.0
741.0 236.0 3.5
742.0 7.0 4.0
742.0 241.0 3.0
743.0 11.0 4.0
743.0 211.0 4.0
743.0 215.0 3.0
744.0 8.0 3.5
744.0 17.0 4.0
744.0 217.0 3.0
745.0 241.0 3.5
745.0 257.0 2.0
746.0 2.0 3.5
746.0 3.0 3.5
746.0 206.0 3.5
746.0 213.0 3.5
746.0 243.0 3.0
746.0 245.0 4.0
746.0 248.0 2.5
746.0 256.0 4.0
746.0 270.0 1.5
747.0 5.0 4.0
747.0 7.0 2.5
747.0 205.0 3.0
747.0 211.0 3.5
747.0 212.0 3.0
747.0 217.0 3.5
747.0 233.0 4.0
747.0 235.0 2.0
747.0 241.0 3.0
747.0 251.0 2.0
747.0 253.0 3.0
748.0 13.0 3.0
748.0 212.0 4.0
749.0 10.0 3.0
749.0 233.0 3.5
750.0 2.0 0.5
750.0 3.0 0.5
750.0 6.0 0.5
750.0 9.0 0.5
750.0 68.0 4.0
750.0 187.0 1.5
750.0 206.0 0.5
750.0 210.0 0.5
750.0 243.0 0.5
750.0 245.0 0.5
750.0 254.0 0.5
751.0 1.0 4.0
752.0 207.0 3.0
752.0 219.0 4.0
752.0 875.0 4.0
753.0 2.0 3.0
753.0 11.0 3.0
754.0 4.0 4.0
754.0 7.0 2.0
755.0 294.0 4.0
756.0 5.0 3.0
756.0 6.0 2.5
757.0 3.0 3.0
757.0 4.0 3.0
757.0 10.0 4.0
757.0 206.0 3.0
757.0 207.0 4.0
757.0 211.0 3.0
757.0 236.0 3.0
757.0 245.0 3.0
757.0 252.0 2.5
757.0 253.0 3.0
758.0 7.0 4.0
758.0 12.0 3.0
758.0 207.0 3.5
758.0 215.0 4.0
758.0 235.0 3.0
759.0 4.0 3.0
759.0 8.0 3.0
759.0 205.0 2.0
759.0 207.0 0.5
759.0 217.0 3.0
759.0 241.0 1.5
760.0 2.0 2.0
760.0 3.0 2.0
760.0 9.0 0.5
760.0 84.0 1.0
760.0 216.0 2.5
760.0 219.0 2.5
760.0 233.0 2.0
760.0 239.0 2.5
760.0 245.0 3.0
760.0 246.0 3.5
760.0 248.0 2.0
761.0 3.0 4.0
761.0 10.0 2.5
761.0 211.0 3.0
761.0 220.0 4.0
761.0 233.0 3.0
761.0 243.0 3.5
761.0 245.0 3.5
761.0 248.0 4.0
761.0 253.0 3.0
761.0 257.0 4.0
762.0 6.0 3.0
762.0 10.0 4.0
762.0 17.0 3.0
762.0 206.0 3.5
762.0 207.0 4.0
762.0 213.0 4.0
762.0 244.0 3.5
762.0 250.0 4.0
762.0 1010.0 4.0
763.0 207.0 3.0
764.0 7.0 3.0
764.0 8.0 4.0
764.0 12.0 4.0
764.0 235.0 3.0
764.0 236.0 4.0
764.0 294.0 3.5
764.0 455.0 3.0
764.0 484.0 4.0
764.0 512.0 4.0
764.0 681.0 4.0
764.0 740.0 3.0
764.0 1174.0 3.0
764.0 1370.0 3.0
765.0 4.0 2.5
766.0 10.0 0.5
766.0 211.0 3.5
766.0 250.0 2.5
766.0 805.0 3.0
768.0 11.0 2.5
768.0 215.0 4.0
769.0 2.0 3.5
769.0 92.0 2.5
769.0 214.0 0.5
769.0 235.0 2.0
769.0 283.0 2.0
769.0 318.0 3.0
769.0 583.0 3.0
769.0 1315.0 2.5
769.0 1506.0 3.0
769.0 1507.0 3.0
769.0 1527.0 0.5
770.0 7.0 3.0
770.0 343.0 4.0
772.0 9.0 3.5
772.0 257.0 3.0
773.0 218.0 4.0
774.0 10.0 4.0
774.0 213.0 3.5
774.0 787.0 3.5
774.0 1213.0 3.0
775.0 7.0 3.5
775.0 299.0 3.5
775.0 579.0 2.5
776.0 1.0 3.5
776.0 3.0 3.5
776.0 206.0 3.5
776.0 219.0 2.0
776.0 234.0 3.5
776.0 254.0 1.5
777.0 213.0 3.5
777.0 234.0 4.0
777.0 236.0 3.0
778.0 10.0 3.0
778.0 213.0 3.0
779.0 215.0 3.5
780.0 7.0 4.0
780.0 11.0 4.0
780.0 121.0 3.5
780.0 207.0 4.0
780.0 215.0 4.0
780.0 216.0 3.5
780.0 243.0 3.0
780.0 247.0 1.5
780.0 251.0 3.0
780.0 256.0 2.5
781.0 7.0 3.0
781.0 205.0 4.0
781.0 206.0 3.5
781.0 207.0 3.5
781.0 236.0 3.0
781.0 239.0 4.0
781.0 244.0 3.5
781.0 254.0 4.0
781.0 256.0 3.5
781.0 257.0 3.0
782.0 1.0 3.0
782.0 17.0 3.0
782.0 212.0 4.0
782.0 217.0 3.0
782.0 219.0 2.0
782.0 233.0 3.0
782.0 250.0 4.0
783.0 2.0 4.0
784.0 10.0 2.5
784.0 17.0 3.0
784.0 84.0 3.0
784.0 210.0 3.0
784.0 220.0 2.5
784.0 236.0 3.0
784.0 248.0 2.5
784.0 251.0 1.5
784.0 253.0 3.5
784.0 254.0 2.5
785.0 1.0 3.5
785.0 219.0 4.0
785.0 234.0 2.0
785.0 256.0 4.0
786.0 241.0 3.5
786.0 254.0 3.0
786.0 256.0 3.0
787.0 12.0 1.5
788.0 1.0 3.0
788.0 8.0 3.0
788.0 205.0 2.5
788.0 212.0 3.0
788.0 217.0 1.5
788.0 234.0 2.5
788.0 248.0 3.0
788.0 256.0 3.0
789.0 11.0 4.0
789.0 12.0 3.0
790.0 11.0 3.5
790.0 211.0 4.0
790.0 217.0 1.5
790.0 233.0 2.5
790.0 236.0 2.0
790.0 239.0 3.0
790.0 247.0 3.5
790.0 249.0 2.0
790.0 250.0 2.5
791.0 1.0 3.0
791.0 207.0 4.0
792.0 11.0 3.5
792.0 17.0 1.5
793.0 12.0 3.0
793.0 13.0 3.5
793.0 207.0 4.0
794.0 2.0 4.0
794.0 5.0 3.5
794.0 11.0 4.0
794.0 13.0 4.0
795.0 17.0 4.0
795.0 205.0 4.0
795.0 220.0 3.0
795.0 233.0 3.0
795.0 235.0 3.0
795.0 250.0 3.0
795.0 675.0 4.0
797.0 6.0 2.5
797.0 7.0 3.0
797.0 9.0 3.0
797.0 84.0 2.0
797.0 215.0 2.0
797.0 233.0 2.5
797.0 234.0 2.0
797.0 241.0 2.5
797.0 243.0 3.0
797.0 253.0 2.0
800.0 13.0 3.5
800.0 84.0 2.5
800.0 205.0 2.0
800.0 220.0 1.5
800.0 234.0 2.5
800.0 247.0 2.0
800.0 248.0 4.0
800.0 250.0 4.0
800.0 252.0 3.5
800.0 254.0 2.0
801.0 5.0 3.0
801.0 705.0 4.0
802.0 11.0 3.5
804.0 310.0 4.0
805.0 2.0 4.0
805.0 9.0 4.0
805.0 213.0 2.0
806.0 1539.0 0.5
807.0 1.0 3.0
807.0 4.0 3.5
807.0 8.0 2.5
807.0 211.0 3.5
808.0 1.0 3.0
808.0 10.0 0.5
808.0 205.0 3.0
808.0 213.0 0.5
808.0 217.0 3.0
808.0 239.0 4.0
810.0 206.0 3.5
810.0 235.0 2.0
810.0 1211.0 4.0
810.0 1260.0 4.0
812.0 13.0 3.0
812.0 235.0 2.5
812.0 250.0 4.0
812.0 347.0 4.0
812.0 400.0 3.0
812.0 522.0 3.0
812.0 702.0 4.0
812.0 714.0 3.5
812.0 832.0 3.0
812.0 835.0 2.0
812.0 1547.0 3.5
812.0 1551.0 1.5
812.0 1553.0 4.0
813.0 216.0 0.5
813.0 235.0 1.5
813.0 1557.0 4.0
814.0 7.0 4.0
814.0 9.0 4.0
814.0 11.0 4.0
814.0 12.0 4.0
814.0 13.0 2.5
814.0 233.0 2.5
814.0 235.0 1.5
814.0 244.0 4.0
814.0 255.0 4.0
815.0 8.0 1.0
815.0 9.0 0.5
815.0 210.0 0.5
815.0 211.0 4.0
815.0 213.0 3.0
815.0 214.0 0.5
815.0 215.0 3.0
815.0 246.0 0.5
815.0 249.0 0.5
815.0 253.0 0.5
815.0 1169.0 4.0
815.0 1170.0 0.5
815.0 1176.0 3.0
816.0 2.0 4.0
816.0 236.0 2.0
817.0 1.0 4.0
817.0 8.0 3.0
817.0 13.0 2.5
817.0 207.0 4.0
817.0 210.0 4.0
817.0 212.0 3.5
817.0 214.0 3.5
817.0 243.0 4.0
817.0 247.0 3.5
817.0 253.0 3.0
817.0 255.0 4.0
818.0 216.0 2.0
818.0 219.0 3.0
818.0 234.0 3.0
818.0 235.0 3.0
818.0 239.0 4.0
818.0 245.0 3.0
818.0 246.0 3.5
818.0 254.0 3.5
818.0 256.0 3.0
818.0 257.0 4.0
819.0 4.0 4.0
819.0 9.0 3.0
819.0 11.0 4.0
820.0 7.0 3.5
820.0 12.0 2.5
821.0 1.0 4.0
821.0 5.0 4.0
821.0 207.0 4.0
821.0 214.0 4.0
821.0 215.0 3.0
821.0 217.0 3.0
821.0 220.0 4.0
822.0 7.0 3.0
823.0 8.0 2.0
823.0 257.0 0.5
824.0 11.0 4.0
824.0 441.0 4.0
825.0 218.0 4.0
825.0 318.0 4.0
825.0 432.0 4.0
825.0 435.0 4.0
825.0 499.0 3.0
825.0 501.0 3.5
825.0 520.0 3.5
825.0 533.0 3.5
825.0 1053.0 2.0
825.0 1210.0 1.0
825.0 1564.0 3.0
826.0 1.0 4.0
826.0 11.0 4.0
826.0 13.0 4.0
826.0 216.0 4.0
826.0 220.0 1.5
826.0 234.0 4.0
826.0 239.0 4.0
826.0 241.0 4.0
826.0 250.0 4.0
826.0 257.0 4.0
827.0 861.0 2.0
828.0 7.0 3.5
828.0 207.0 3.5
828.0 216.0 3.5
829.0 10.0 2.0
829.0 235.0 3.0
829.0 255.0 3.0
830.0 17.0 3.5
830.0 24.0 2.5
830.0 34.0 3.0
830.0 55.0 3.5
830.0 57.0 3.0
830.0 75.0 3.0
830.0 82.0 4.0
830.0 118.0 4.0
830.0 192.0 3.5
830.0 198.0 3.0
830.0 201.0 3.0
830.0 206.0 4.0
830.0 336.0 3.5
830.0 428.0 2.5
830.0 661.0 3.5
830.0 754.0 3.5
830.0 819.0 3.5
830.0 1475.0 4.0
830.0 1499.0 3.0
831.0 1.0 4.0
831.0 7.0 4.0
831.0 239.0 4.0
831.0 241.0 3.5
831.0 250.0 4.0
831.0 377.0 2.5
831.0 781.0 0.5
831.0 1187.0 4.0
831.0 1573.0 4.0
831.0 1576.0 4.0
833.0 11.0 4.0
834.0 3.0 3.5
834.0 211.0 4.0
835.0 9.0 4.0
835.0 17.0 4.0
836.0 1.0 2.0
836.0 6.0 4.0
836.0 9.0 4.0
836.0 121.0 3.5
836.0 211.0 4.0
836.0 236.0 4.0
836.0 241.0 4.0
836.0 243.0 2.5
836.0 248.0 3.0
836.0 249.0 3.0
836.0 252.0 4.0
836.0 255.0 4.0
837.0 91.0 3.5
837.0 215.0 3.5
837.0 219.0 3.5
837.0 236.0 3.0
837.0 591.0 3.0
838.0 10.0 0.5
838.0 205.0 2.5
838.0 211.0 2.5
838.0 220.0 1.5
838.0 234.0 3.0
838.0 245.0 3.5
838.0 257.0 1.5
838.0 961.0 3.0
838.0 1589.0 2.0
839.0 4.0 1.0
839.0 11.0 2.0
839.0 225.0 3.5
839.0 227.0 4.0
839.0 229.0 4.0
839.0 805.0 4.0
839.0 1194.0 4.0
840.0 10.0 3.5
840.0 13.0 3.5
840.0 121.0 3.5
840.0 241.0 3.5
841.0 1.0 2.0
841.0 4.0 4.0
841.0 805.0 4.0
842.0 121.0 2.5
842.0 205.0 2.0
842.0 206.0 4.0
842.0 211.0 4.0
842.0 233.0 3.5
842.0 234.0 3.0
842.0 236.0 4.0
842.0 243.0 0.5
842.0 246.0 4.0
842.0 254.0 0.5
842.0 255.0 3.0
842.0 257.0 2.0
842.0 441.0 0.5
842.0 451.0 4.0
842.0 658.0 3.5
842.0 743.0 0.5
842.0 977.0 3.0
842.0 1075.0 3.0
842.0 1076.0 0.5
842.0 1077.0 3.5
842.0 1093.0 2.0
843.0 11.0 3.5
843.0 215.0 2.0
843.0 216.0 2.0
844.0 121.0 3.5
844.0 206.0 4.0
844.0 236.0 2.5
845.0 3.0 4.0
845.0 7.0 4.0
845.0 8.0 4.0
845.0 10.0 4.0
845.0 121.0 3.5
845.0 219.0 3.5
845.0 247.0 3.5
845.0 248.0 4.0
845.0 250.0 4.0
845.0 251.0 3.0
845.0 252.0 3.5
845.0 253.0 4.0
845.0 294.0 3.5
845.0 406.0 3.5
845.0 441.0 2.0
845.0 477.0 3.0
845.0 512.0 3.5
845.0 536.0 2.5
845.0 616.0 4.0
845.0 942.0 3.5
845.0 1595.0 4.0
845.0 1596.0 1.0
845.0 1598.0 3.5
845.0 1615.0 3.5
846.0 17.0 1.5
846.0 215.0 1.5
846.0 219.0 3.0
847.0 3.0 3.5
847.0 6.0 0.5
847.0 207.0 2.5
847.0 216.0 3.0
847.0 235.0 2.0
847.0 239.0 4.0
847.0 241.0 4.0
847.0 252.0 2.5
847.0 348.0 4.0
847.0 999.0 4.0
847.0 1623.0 4.0
847.0 1624.0 4.0
848.0 4.0 3.0
848.0 11.0 4.0
848.0 560.0 3.0
848.0 1536.0 3.0
848.0 1627.0 4.0
848.0 1630.0 1.0
849.0 2.0 3.5
849.0 3.0 2.0
849.0 7.0 2.5
849.0 213.0 3.0
849.0 294.0 3.0
849.0 940.0 4.0
849.0 1070.0 4.0
849.0 1633.0 4.0
851.0 8.0 3.5
851.0 12.0 4.0
851.0 205.0 2.5
851.0 213.0 3.5
851.0 233.0 3.5
851.0 234.0 2.0
851.0 239.0 2.5
851.0 244.0 4.0
851.0 247.0 2.0
851.0 254.0 4.0
851.0 256.0 3.0
852.0 1.0 3.5
852.0 3.0 4.0
852.0 4.0 4.0
852.0 9.0 2.5
852.0 10.0 4.0
852.0 84.0 1.0
852.0 121.0 4.0
852.0 246.0 2.0
852.0 251.0 4.0
852.0 252.0 4.0
852.0 253.0 4.0
853.0 17.0 3.5
854.0 3.0 3.5
854.0 10.0 4.0
854.0 13.0 4.0
854.0 215.0 4.0
854.0 250.0 4.0
857.0 2.0 4.0
857.0 207.0 3.0
859.0 5.0 4.0
859.0 7.0 3.0
859.0 207.0 3.0
859.0 216.0 4.0
859.0 234.0 3.5
860.0 207.0 3.0
861.0 8.0 4.0
861.0 336.0 4.0
861.0 1637.0 4.0
862.0 7.0 3.5
862.0 207.0 3.0
862.0 252.0 4.0
862.0 476.0 4.0
862.0 1639.0 3.0
863.0 2.0 2.5
863.0 205.0 1.0
863.0 211.0 4.0
863.0 245.0 2.5
863.0 250.0 2.0
864.0 2.0 4.0
864.0 3.0 1.0
864.0 84.0 4.0
864.0 121.0 3.5
864.0 210.0 2.0
864.0 215.0 4.0
864.0 245.0 2.0
864.0 252.0 4.0
864.0 255.0 2.0
864.0 551.0 2.5
864.0 969.0 3.0
865.0 7.0 2.5
865.0 8.0 2.5
865.0 9.0 3.0
865.0 84.0 2.0
865.0 206.0 4.0
865.0 213.0 3.0
865.0 239.0 3.0
865.0 244.0 3.0
865.0 247.0 3.0
866.0 5.0 3.5
866.0 236.0 3.5
867.0 4.0 4.0
867.0 17.0 3.5
867.0 84.0 2.5
867.0 207.0 1.5
867.0 211.0 4.0
867.0 218.0 4.0
867.0 244.0 2.0
867.0 247.0 2.0
867.0 251.0 3.5
867.0 255.0 2.5
867.0 683.0 3.0
868.0 1.0 3.5
868.0 10.0 1.5
868.0 11.0 4.0
869.0 2.0 3.5
869.0 12.0 3.0
870.0 4.0 3.5
870.0 9.0 3.5
870.0 206.0 3.0
871.0 6.0 2.5
871.0 9.0 0.5
871.0 17.0 3.0
871.0 216.0 0.5
871.0 236.0 3.0
871.0 251.0 0.5
871.0 253.0 0.5
872.0 17.0 3.5
872.0 211.0 4.0
873.0 17.0 2.5
873.0 383.0 1.0
873.0 836.0 4.0
874.0 3.0 3.5
874.0 4.0 3.5
874.0 6.0 4.0
874.0 10.0 3.0
874.0 12.0 3.5
874.0 13.0 4.0
874.0 241.0 3.0
874.0 246.0 3.5
874.0 252.0 3.5
874.0 253.0 2.5
875.0 7.0 1.5
875.0 220.0 2.5
876.0 7.0 2.5
876.0 12.0 2.0
877.0 215.0 2.0
878.0 1.0 3.5
878.0 4.0 1.5
878.0 9.0 4.0
878.0 84.0 4.0
878.0 206.0 4.0
878.0 219.0 1.0
878.0 247.0 3.5
878.0 250.0 4.0
878.0 254.0 4.0
878.0 255.0 1.0
879.0 5.0 0.5
879.0 7.0 2.0
879.0 8.0 0.5
879.0 211.0 0.5
879.0 214.0 0.5
879.0 219.0 3.0
879.0 236.0 0.5
879.0 253.0 0.5
879.0 257.0 0.5
880.0 2.0 3.5
880.0 12.0 0.5
881.0 13.0 3.5
881.0 215.0 2.5
882.0 2.0 4.0
882.0 207.0 0.5
882.0 219.0 1.5
883.0 2.0 3.5
883.0 239.0 2.5
883.0 429.0 3.5
883.0 940.0 4.0
883.0 1643.0 4.0
883.0 1646.0 4.0
884.0 1.0 3.0
886.0 207.0 3.0
887.0 8.0 4.0
888.0 2.0 4.0
888.0 11.0 4.0
888.0 235.0 2.0
888.0 257.0 3.0
889.0 1.0 2.5
889.0 205.0 3.0
890.0 1.0 3.0
890.0 5.0 4.0
890.0 12.0 3.0
890.0 13.0 3.5
890.0 216.0 3.0
890.0 241.0 3.0
890.0 256.0 4.0
890.0 775.0 4.0
890.0 788.0 4.0
891.0 12.0 1.5
891.0 91.0 3.0
891.0 307.0 3.5
891.0 453.0 1.0
891.0 793.0 3.0
891.0 805.0 3.5
891.0 1080.0 2.5
891.0 1100.0 2.0
891.0 1102.0 3.5
892.0 617.0 4.0
892.0 733.0 3.5
892.0 1136.0 4.0
893.0 377.0 4.0
893.0 1647.0 4.0
894.0 5.0 4.0
894.0 11.0 3.0
894.0 64.0 4.0
894.0 476.0 4.0
895.0 211.0 4.0
896.0 4.0 4.0
896.0 13.0 4.0
896.0 215.0 4.0
896.0 217.0 4.0
896.0 220.0 4.0
896.0 236.0 4.0
896.0 239.0 4.0
896.0 247.0 4.0
896.0 249.0 4.0
896.0 255.0 4.0
897.0 2.0 3.5
897.0 235.0 3.5
898.0 218.0 3.5
898.0 294.0 3.5
898.0 398.0 4.0
898.0 550.0 4.0
898.0 677.0 3.5
898.0 1003.0 1.0
899.0 1.0 2.5
899.0 7.0 3.0
899.0 12.0 2.5
900.0 8.0 2.0
900.0 9.0 2.0
900.0 235.0 3.0
900.0 239.0 2.0
900.0 241.0 2.0
900.0 246.0 2.0
900.0 248.0 2.0
900.0 251.0 2.0
900.0 252.0 2.0
901.0 3.0 3.5
901.0 13.0 3.5
902.0 13.0 4.0
902.0 239.0 3.5
902.0 1091.0 4.0
902.0 1651.0 3.0
902.0 1652.0 3.0
903.0 4.0 2.5
903.0 5.0 3.5
903.0 12.0 2.5
903.0 241.0 1.0
905.0 4.0 2.5
905.0 5.0 4.0
905.0 205.0 4.0
905.0 213.0 4.0
905.0 215.0 4.0
905.0 219.0 4.0
905.0 236.0 4.0
905.0 246.0 3.5
905.0 247.0 4.0
906.0 7.0 4.0
906.0 17.0 4.0
906.0 434.0 4.0
907.0 3.0 3.0
907.0 205.0 2.5
907.0 213.0 3.0
907.0 244.0 3.0
907.0 245.0 3.0
907.0 248.0 3.0
907.0 251.0 2.5
908.0 17.0 1.5
908.0 121.0 2.5
908.0 216.0 3.0
908.0 235.0 3.0
908.0 241.0 2.5
908.0 250.0 3.0
909.0 2.0 3.5
909.0 7.0 4.0
909.0 9.0 3.0
909.0 233.0 3.0
909.0 235.0 4.0
909.0 248.0 2.5
909.0 251.0 3.0
909.0 255.0 3.0
909.0 256.0 2.5
910.0 3.0 3.5
910.0 11.0 2.5
910.0 214.0 3.0
911.0 1544.0 3.5
912.0 2.0 4.0
912.0 211.0 0.5
912.0 236.0 1.5
913.0 4.0 3.5
914.0 11.0 4.0
914.0 17.0 3.0
914.0 215.0 4.0
914.0 219.0 3.0
914.0 253.0 3.0
915.0 3.0 4.0
915.0 213.0 2.0
915.0 234.0 3.0
917.0 205.0 3.0
917.0 211.0 4.0
917.0 217.0 3.0
917.0 235.0 0.5
917.0 467.0 1.5
917.0 1038.0 1.0
917.0 1655.0 2.5
918.0 5.0 3.0
918.0 6.0 3.0
918.0 8.0 3.5
918.0 205.0 3.5
918.0 213.0 3.0
918.0 239.0 3.0
918.0 249.0 3.0
918.0 257.0 3.0
918.0 290.0 3.5
918.0 356.0 3.5
918.0 371.0 3.5
918.0 536.0 4.0
918.0 696.0 4.0
918.0 1091.0 4.0
918.0 1658.0 3.5
919.0 7.0 0.5
919.0 10.0 1.0
919.0 212.0 3.0
919.0 214.0 1.5
919.0 234.0 0.5
919.0 257.0 0.5
920.0 17.0 1.5
920.0 207.0 2.5
920.0 216.0 1.0
920.0 217.0 2.5
920.0 233.0 2.5
920.0 234.0 2.0
921.0 5.0 0.5
921.0 7.0 4.0
921.0 13.0 3.5
921.0 216.0 2.5
921.0 217.0 1.5
921.0 235.0 4.0
921.0 245.0 1.5
921.0 249.0 2.0
921.0 257.0 1.5
921.0 878.0 1.0
921.0 1222.0 2.0
921.0 1226.0 4.0
921.0 1228.0 1.5
923.0 13.0 4.0
925.0 1.0 2.5
925.0 2.0 0.5
925.0 11.0 1.0
926.0 13.0 4.0
927.0 2.0 3.5
927.0 8.0 2.0
927.0 214.0 3.0
927.0 235.0 3.5
928.0 1.0 3.0
928.0 11.0 4.0
928.0 217.0 2.5
928.0 257.0 3.0
929.0 233.0 1.0
930.0 2.0 4.0
930.0 17.0 2.5
930.0 211.0 2.5
930.0 213.0 3.5
930.0 215.0 2.5
930.0 217.0 2.5
930.0 241.0 2.5
930.0 246.0 2.5
930.0 249.0 2.5
931.0 4.0 3.5
931.0 17.0 3.5
931.0 205.0 4.0
931.0 213.0 4.0
931.0 219.0 3.5
932.0 322.0 3.5
932.0 477.0 3.0
932.0 927.0 0.5
935.0 17.0 3.5
935.0 205.0 3.5
935.0 239.0 3.5
935.0 241.0 4.0
935.0 243.0 3.5
935.0 244.0 3.0
936.0 5.0 3.0
936.0 216.0 2.0
936.0 246.0 3.0
937.0 241.0 4.0
938.0 257.0 2.5
938.0 289.0 3.5
938.0 1240.0 2.0
938.0 1241.0 3.5
938.0 1249.0 1.0
938.0 1253.0 3.5
939.0 10.0 2.5
939.0 11.0 3.0
939.0 1662.0 3.5
939.0 1663.0 3.5
940.0 7.0 4.0
940.0 12.0 3.0
942.0 9.0 3.0
942.0 13.0 3.5
942.0 211.0 3.0
942.0 239.0 2.5
943.0 7.0 3.0
944.0 1.0 3.5
944.0 2.0 4.0
944.0 212.0 2.5
944.0 250.0 4.0
944.0 1665.0 4.0
945.0 1.0 4.0
945.0 3.0 4.0
945.0 4.0 4.0
945.0 5.0 4.0
945.0 234.0 1.0
945.0 244.0 2.5
945.0 253.0 2.0
946.0 4.0 1.5
946.0 210.0 3.0
946.0 214.0 2.0
946.0 233.0 2.0
946.0 246.0 3.5
946.0 248.0 2.0
946.0 249.0 2.5
946.0 252.0 2.0
946.0 253.0 2.0
946.0 255.0 2.0
947.0 1.0 4.0
947.0 13.0 3.5
947.0 205.0 3.5
947.0 214.0 2.0
947.0 233.0 3.0
947.0 234.0 3.5
947.0 235.0 3.5
947.0 239.0 3.5
947.0 241.0 3.5
947.0 248.0 2.0
947.0 749.0 1.0
948.0 10.0 4.0
948.0 12.0 1.5
948.0 213.0 2.5
948.0 219.0 3.5
948.0 239.0 3.5
949.0 2.0 2.5
949.0 8.0 3.0
949.0 219.0 2.5
949.0 247.0 2.5
950.0 3.0 4.0
950.0 7.0 4.0
950.0 13.0 4.0
950.0 207.0 3.0
950.0 214.0 4.0
950.0 217.0 2.0
950.0 236.0 3.0
950.0 244.0 4.0
950.0 245.0 3.5
950.0 246.0 2.5
950.0 257.0 2.5
951.0 7.0 3.5
951.0 12.0 4.0
951.0 250.0 4.0
952.0 7.0 4.0
952.0 207.0 4.0
952.0 250.0 4.0
953.0 7.0 2.0
955.0 2.0 4.0
955.0 10.0 3.0
955.0 236.0 3.0
956.0 341.0 4.0
957.0 11.0 3.5
957.0 235.0 3.0
957.0 236.0 2.0
958.0 17.0 3.5
958.0 121.0 4.0
958.0 205.0 2.0
958.0 206.0 4.0
958.0 214.0 3.0
958.0 219.0 2.5
958.0 243.0 1.5
958.0 245.0 3.5
958.0 248.0 1.5
958.0 256.0 0.5
959.0 2.0 3.5
959.0 214.0 3.5
959.0 215.0 2.5
960.0 5.0 4.0
960.0 9.0 4.0
960.0 1431.0 4.0
962.0 3.0 2.5
962.0 8.0 3.5
962.0 12.0 2.0
962.0 235.0 2.5
963.0 7.0 3.0
963.0 295.0 3.0
963.0 341.0 3.0
963.0 408.0 2.5
963.0 593.0 2.0
963.0 925.0 1.5
963.0 1062.0 2.0
963.0 1672.0 2.5
964.0 17.0 4.0
964.0 207.0 2.5
964.0 239.0 3.0
965.0 13.0 3.5
965.0 207.0 4.0
965.0 246.0 2.5
965.0 442.0 4.0
965.0 583.0 4.0
965.0 1641.0 4.0
965.0 1679.0 3.0
965.0 1681.0 2.5
966.0 10.0 2.5
966.0 11.0 4.0
966.0 17.0 3.0
966.0 250.0 3.0
967.0 9.0 4.0
967.0 219.0 4.0
968.0 1.0 2.5
968.0 215.0 4.0
969.0 197.0 4.0
969.0 242.0 3.5
969.0 279.0 3.5
969.0 345.0 2.5
969.0 396.0 3.5
969.0 502.0 3.0
969.0 588.0 3.0
969.0 599.0 2.5
969.0 746.0 3.5
969.0 799.0 2.5
969.0 839.0 4.0
969.0 866.0 3.0
969.0 890.0 1.5
969.0 908.0 3.0
969.0 947.0 2.5
969.0 949.0 2.0
969.0 1010.0 1.0
969.0 1164.0 1.5
969.0 1206.0 3.5
969.0 1382.0 1.0
969.0 1552.0 3.0
969.0 1698.0 3.0
969.0 1700.0 0.5
969.0 1720.0 3.0
969.0 1724.0 3.0
969.0 1725.0 2.0
969.0 1727.0 2.5
969.0 1739.0 2.5
969.0 1744.0 3.0
969.0 1748.0 2.5
969.0 1753.0 2.5
969.0 1756.0 3.0
969.0 1757.0 3.0
969.0 1759.0 2.5
969.0 1762.0 3.0
970.0 235.0 1.5
970.0 249.0 4.0
971.0 5.0 3.5
971.0 9.0 3.0
971.0 10.0 2.5
971.0 12.0 2.5
971.0 121.0 2.5
971.0 210.0 2.5
971.0 239.0 2.0
971.0 244.0 1.5
971.0 248.0 3.0
971.0 251.0 2.5
972.0 1.0 1.0
972.0 7.0 4.0
972.0 13.0 3.0
972.0 17.0 3.5
972.0 84.0 3.5
972.0 211.0 3.0
972.0 235.0 1.5
972.0 243.0 1.5
972.0 245.0 3.0
972.0 253.0 4.0
973.0 11.0 4.0
973.0 215.0 4.0
974.0 565.0 4.0
976.0 12.0 4.0
978.0 509.0 4.0
978.0 1335.0 3.5
979.0 7.0 4.0
980.0 2.0 2.5
980.0 11.0 3.5
980.0 84.0 3.0
980.0 211.0 3.5
980.0 215.0 4.0
980.0 241.0 2.5
981.0 12.0 3.0
981.0 206.0 2.5
981.0 216.0 2.5
981.0 245.0 2.5
981.0 246.0 2.5
981.0 251.0 2.5
981.0 254.0 2.5
981.0 257.0 4.0
982.0 4.0 4.0
982.0 5.0 2.5
982.0 17.0 3.0
982.0 212.0 3.0
982.0 214.0 3.5
982.0 219.0 3.0
982.0 239.0 3.0
982.0 241.0 2.5
982.0 256.0 2.0
982.0 257.0 3.5
984.0 9.0 4.0
984.0 13.0 3.0
984.0 214.0 2.0
984.0 215.0 3.5
984.0 216.0 2.5
984.0 239.0 3.0
984.0 247.0 1.5
985.0 2.0 2.0
985.0 5.0 3.5
985.0 13.0 3.5
985.0 217.0 3.5
985.0 219.0 3.5
986.0 8.0 4.0
986.0 9.0 4.0
986.0 211.0 4.0
987.0 4.0 3.0
987.0 8.0 3.5
987.0 206.0 3.0
987.0 207.0 3.0
987.0 214.0 2.5
987.0 216.0 1.5
987.0 220.0 2.5
987.0 247.0 2.5
987.0 255.0 3.5
988.0 12.0 3.5
988.0 17.0 3.5
988.0 206.0 2.0
988.0 212.0 1.0
988.0 213.0 2.0
988.0 214.0 1.5
988.0 235.0 3.5
988.0 241.0 2.5
988.0 244.0 2.0
988.0 254.0 3.0
989.0 1.0 3.0
989.0 4.0 2.5
989.0 207.0 2.0
989.0 219.0 3.0
989.0 1765.0 4.0
990.0 241.0 4.0
990.0 254.0 4.0
990.0 1768.0 4.0
991.0 1.0 4.0
991.0 5.0 4.0
991.0 8.0 2.5
991.0 84.0 3.0
991.0 205.0 3.0
991.0 210.0 2.5
991.0 216.0 4.0
991.0 243.0 2.5
991.0 247.0 2.5
991.0 251.0 2.5
991.0 255.0 3.0
992.0 1436.0 4.0
995.0 6.0 3.5
995.0 7.0 2.0
995.0 10.0 1.0
995.0 210.0 3.0
995.0 234.0 3.0
995.0 239.0 1.0
995.0 244.0 1.0
995.0 246.0 3.0
996.0 1.0 3.5
996.0 235.0 3.5
997.0 9.0 4.0
998.0 7.0 3.0
998.0 159.0 1.0
998.0 472.0 1.5
998.0 1123.0 3.5
998.0 1771.0 4.0
998.0 1773.0 1.5
998.0 1779.0 4.0
998.0 1781.0 4.0
999.0 2.0 1.5
999.0 7.0 3.0
999.0 10.0 1.5
999.0 12.0 3.0
999.0 205.0 2.0
999.0 244.0 2.5
999.0 1782.0 2.5
999.0 1783.0 3.5
1000.0 9.0 1.5
1000.0 121.0 2.5
1000.0 211.0 2.0
1000.0 215.0 1.0
1000.0 216.0 1.0
1000.0 243.0 1.5
1000.0 247.0 1.5
1000.0 248.0 2.5
1000.0 255.0 2.5
1000.0 256.0 1.0
1000.0 257.0 1.0
1001.0 210.0 1.5
1001.0 212.0 3.0
1001.0 219.0 2.5
1001.0 233.0 3.0
1001.0 245.0 3.0
1001.0 246.0 1.5
1001.0 249.0 4.0
1001.0 252.0 2.0
1001.0 254.0 2.0
1002.0 7.0 4.0
1002.0 219.0 0.5
1002.0 250.0 2.0
1002.0 318.0 4.0
1002.0 409.0 3.5
1002.0 1754.0 3.5
1003.0 2.0 2.5
1003.0 10.0 2.0
1003.0 13.0 3.0
1003.0 207.0 2.5
1003.0 211.0 2.5
1003.0 241.0 2.0
1003.0 245.0 2.5
1003.0 246.0 2.0
1003.0 253.0 2.5
1003.0 255.0 1.5
1004.0 3.0 2.5
1004.0 12.0 3.0
1004.0 213.0 4.0
1004.0 214.0 1.0
1004.0 243.0 4.0
1006.0 6.0 3.0
1006.0 12.0 3.0
1006.0 17.0 3.0
1006.0 84.0 3.5
1006.0 216.0 2.5
1006.0 217.0 3.0
1006.0 220.0 4.0
1006.0 234.0 2.5
1006.0 248.0 3.0
1006.0 251.0 3.5
1006.0 255.0 3.0
1007.0 12.0 1.5
1007.0 250.0 4.0
1008.0 7.0 4.0
1008.0 205.0 4.0
1008.0 207.0 4.0
1008.0 234.0 4.0
1009.0 2.0 2.0
1009.0 8.0 4.0
1009.0 17.0 4.0
1009.0 220.0 3.5
1010.0 1.0 3.0
1010.0 215.0 3.0
1010.0 257.0 3.0
1010.0 434.0 4.0
1011.0 241.0 2.0
1012.0 2.0 3.5
1012.0 10.0 4.0
1013.0 13.0 3.0
1013.0 234.0 4.0
1013.0 1088.0 3.0
1014.0 1.0 1.0
1014.0 2.0 3.5
1014.0 3.0 3.0
1014.0 219.0 3.0
1015.0 2.0 2.5
1015.0 4.0 3.5
1015.0 219.0 4.0
1015.0 257.0 4.0
1017.0 11.0 3.0
1017.0 572.0 3.0
1017.0 1626.0 1.0
1017.0 1628.0 2.0
1017.0 1629.0 2.5
1018.0 7.0 2.5
1018.0 219.0 3.5
1018.0 596.0 3.5
1018.0 781.0 3.0
1018.0 787.0 2.5
1018.0 845.0 2.5
1018.0 1200.0 3.5
1018.0 1793.0 4.0
1018.0 1799.0 3.0
1019.0 2.0 3.0
1019.0 304.0 3.5
1019.0 1079.0 2.0
1021.0 11.0 1.5
1022.0 3.0 4.0
1022.0 206.0 4.0
1022.0 207.0 4.0
1022.0 239.0 3.0
1022.0 257.0 2.5
1023.0 207.0 2.5
1024.0 6.0 1.5
1024.0 205.0 3.5
1024.0 206.0 2.0
1024.0 236.0 3.0
1024.0 239.0 1.5
1024.0 243.0 2.0
1024.0 251.0 3.5
1024.0 254.0 4.0
1026.0 12.0 3.0
1027.0 7.0 2.5
1027.0 11.0 3.0
1028.0 7.0 3.0
1030.0 2.0 3.5
1030.0 12.0 2.5
1031.0 1640.0 1.5
1033.0 313.0 4.0
1033.0 1806.0 3.5
1034.0 1.0 2.0
1034.0 17.0 2.5
1034.0 219.0 4.0
1034.0 236.0 2.0
1034.0 241.0 3.0
1034.0 250.0 4.0
1034.0 303.0 3.5
1034.0 456.0 4.0
1034.0 525.0 4.0
1034.0 542.0 4.0
1034.0 658.0 3.0
1034.0 903.0 3.0
1034.0 1253.0 3.0
1034.0 1813.0 4.0
1034.0 1814.0 3.0
1034.0 1819.0 3.0
1034.0 1824.0 3.0
1034.0 1827.0 3.0
1035.0 11.0 3.5
1036.0 215.0 3.0
1037.0 7.0 4.0
1037.0 8.0 3.5
1038.0 3.0 2.5
1038.0 5.0 2.0
1038.0 8.0 2.0
1038.0 9.0 3.0
1038.0 207.0 1.5
1038.0 213.0 3.0
1038.0 219.0 4.0
1038.0 245.0 2.0
1038.0 249.0 3.0
1038.0 254.0 2.5
1039.0 5.0 3.5
1039.0 12.0 3.0
1039.0 41.0 2.5
1039.0 58.0 3.0
1039.0 59.0 4.0
1039.0 97.0 4.0
1039.0 103.0 3.0
1039.0 105.0 4.0
1039.0 132.0 3.5
1039.0 145.0 3.0
1039.0 175.0 0.5
1039.0 215.0 2.5
1039.0 340.0 4.0
1039.0 377.0 3.0
1039.0 477.0 2.5
1039.0 518.0 3.0
1039.0 534.0 3.5
1039.0 1017.0 2.5
1039.0 1100.0 3.0
1039.0 1251.0 3.0
1039.0 1318.0 1.5
1039.0 1369.0 3.0
1039.0 1562.0 2.5
1039.0 1724.0 2.0
1039.0 1829.0 1.5
1039.0 1831.0 3.5
1040.0 2.0 3.5
1040.0 207.0 3.0
1040.0 267.0 3.5
1040.0 787.0 3.5
1041.0 207.0 4.0
1041.0 589.0 4.0
1041.0 743.0 3.5
1041.0 1513.0 4.0
1041.0 1546.0 4.0
1042.0 204.0 3.0
1042.0 1695.0 4.0
1043.0 2.0 4.0
1045.0 17.0 2.0
1045.0 213.0 2.5
1046.0 207.0 3.0
1046.0 215.0 4.0
1046.0 217.0 2.5
1046.0 247.0 2.0
1046.0 248.0 2.0
1046.0 250.0 4.0
1046.0 251.0 3.5
1047.0 1.0 3.0
1047.0 5.0 3.0
1047.0 8.0 3.0
1047.0 210.0 3.0
1047.0 217.0 3.0
1047.0 245.0 3.0
1048.0 10.0 2.0
1048.0 220.0 3.0
1049.0 235.0 3.0
1050.0 7.0 3.0
1050.0 8.0 4.0
1050.0 84.0 2.5
1050.0 205.0 2.0
1050.0 211.0 3.5
1050.0 212.0 3.0
1050.0 214.0 2.0
1050.0 215.0 3.0
1050.0 239.0 2.5
1050.0 253.0 2.5
1051.0 216.0 3.0
1051.0 235.0 3.5
1051.0 236.0 3.0
1051.0 1359.0 4.0
1052.0 2.0 3.5
1052.0 11.0 2.5
1052.0 13.0 4.0
1052.0 217.0 0.5
1052.0 257.0 2.5
1053.0 12.0 3.0
1053.0 257.0 3.0
1055.0 7.0 1.0
1055.0 207.0 3.5
1056.0 2.0 3.0
1056.0 5.0 2.0
1056.0 13.0 0.5
1056.0 205.0 2.5
1056.0 213.0 1.5
1056.0 233.0 1.5
1056.0 245.0 1.0
1057.0 12.0 1.0
1059.0 689.0 4.0
1060.0 10.0 2.0
1060.0 12.0 4.0
1060.0 242.0 2.0
1060.0 425.0 3.5
1060.0 583.0 4.0
1060.0 717.0 4.0
1060.0 763.0 4.0
1060.0 866.0 1.5
1060.0 1221.0 4.0
1060.0 1655.0 3.5
1061.0 218.0 1.5
1061.0 251.0 2.0
1062.0 1.0 1.5
1062.0 2.0 2.5
1062.0 13.0 3.5
1062.0 236.0 4.0
1063.0 11.0 4.0
1064.0 10.0 2.5
1064.0 17.0 3.0
1064.0 121.0 3.5
1064.0 787.0 3.0
1064.0 1588.0 3.0
1064.0 1836.0 3.0
1065.0 216.0 3.5
1065.0 217.0 4.0
1065.0 220.0 3.5
1065.0 239.0 4.0
1065.0 352.0 3.0
1065.0 415.0 4.0
1065.0 592.0 1.0
1065.0 609.0 4.0
1065.0 1830.0 1.5
1065.0 1838.0 2.0
1065.0 1841.0 4.0
1066.0 2.0 4.0
1066.0 207.0 4.0
1066.0 235.0 3.0
1067.0 9.0 3.0
1067.0 213.0 3.0
1067.0 214.0 3.0
1067.0 236.0 2.5
1068.0 9.0 4.0
1068.0 12.0 2.5
1069.0 4.0 3.0
1069.0 7.0 3.5
1069.0 17.0 4.0
1069.0 219.0 3.5
1069.0 250.0 4.0
1069.0 252.0 2.5
1069.0 253.0 3.0
1070.0 248.0 3.5
1071.0 1.0 2.5
1071.0 5.0 3.5
1071.0 13.0 4.0
1071.0 17.0 4.0
1071.0 253.0 2.0
1072.0 17.0 2.5
1072.0 235.0 3.0
1072.0 236.0 3.0
1072.0 241.0 3.0
1072.0 250.0 4.0
1073.0 2.0 3.5
1073.0 3.0 4.0
1073.0 4.0 4.0
1073.0 7.0 4.0
1073.0 9.0 4.0
1073.0 10.0 3.5
1073.0 205.0 3.5
1073.0 216.0 3.5
1073.0 250.0 3.5
1074.0 10.0 3.5
1074.0 11.0 3.5
1075.0 5.0 4.0
1075.0 10.0 3.0
1075.0 13.0 3.0
1075.0 216.0 3.0
1075.0 713.0 3.5
1076.0 239.0 2.0
1076.0 1225.0 1.0
1077.0 3.0 3.5
1077.0 8.0 4.0
1077.0 13.0 4.0
1077.0 215.0 4.0
1077.0 219.0 4.0
1078.0 1.0 4.0
1078.0 4.0 4.0
1078.0 11.0 4.0
1078.0 210.0 3.0
1078.0 217.0 3.0
1078.0 220.0 2.0
1078.0 250.0 4.0
1079.0 12.0 3.5
1079.0 207.0 3.5
1080.0 5.0 2.5
1080.0 216.0 3.5
1080.0 217.0 3.5
1080.0 234.0 3.5
1080.0 245.0 3.0
1080.0 255.0 3.0
1081.0 4.0 2.5
1081.0 5.0 3.5
1081.0 6.0 3.5
1081.0 7.0 4.0
1081.0 10.0 2.5
1081.0 11.0 3.5
1081.0 84.0 2.0
1081.0 214.0 4.0
1081.0 236.0 2.0
1081.0 241.0 0.5
1082.0 13.0 1.5
1083.0 2.0 3.5
1083.0 235.0 2.5
1084.0 7.0 4.0
1084.0 17.0 4.0
1084.0 234.0 4.0
1085.0 10.0 3.0
1085.0 12.0 2.5
1085.0 207.0 2.0
1085.0 217.0 3.0
1085.0 253.0 3.5
1085.0 255.0 2.5
1085.0 257.0 2.5
1086.0 235.0 4.0
1086.0 236.0 4.0
1087.0 2.0 4.0
1087.0 8.0 3.0
1087.0 210.0 2.5
1087.0 220.0 3.5
1087.0 249.0 2.5
1087.0 255.0 2.0
1088.0 5.0 2.0
1088.0 10.0 2.0
1088.0 13.0 4.0
1088.0 234.0 2.5
1089.0 1.0 1.5
1089.0 12.0 1.5
1089.0 13.0 3.0
1089.0 17.0 1.0
1089.0 205.0 1.0
1089.0 211.0 1.5
1089.0 212.0 2.0
1089.0 233.0 2.0
1089.0 246.0 1.0
1089.0 250.0 4.0
1090.0 13.0 4.0
1091.0 1.0 4.0
1091.0 217.0 4.0
1092.0 5.0 3.5
1092.0 213.0 3.5
1092.0 236.0 2.5
1094.0 3.0 4.0
1094.0 11.0 4.0
1094.0 219.0 4.0
1095.0 4.0 3.5
1095.0 11.0 3.5
1095.0 206.0 2.5
1095.0 213.0 3.0
1095.0 219.0 3.5
1095.0 235.0 1.0
1095.0 241.0 3.5
1095.0 244.0 3.0
1095.0 256.0 3.0
1096.0 3.0 4.0
1096.0 7.0 4.0
1096.0 10.0 4.0
1096.0 207.0 3.5
1096.0 244.0 4.0
1096.0 245.0 4.0
1096.0 251.0 4.0
1096.0 253.0 4.0
1096.0 255.0 3.0
1098.0 215.0 4.0
1099.0 1.0 3.0
1099.0 17.0 3.5
1099.0 214.0 2.5
1099.0 215.0 3.0
1099.0 255.0 3.5
1100.0 2.0 4.0
1100.0 4.0 3.5
1100.0 236.0 3.5
1100.0 239.0 3.5
1101.0 2.0 3.0
1101.0 4.0 3.5
1101.0 5.0 3.5
1101.0 10.0 4.0
1102.0 2.0 1.0
1104.0 205.0 3.0
1104.0 340.0 3.0
1104.0 520.0 4.0
1104.0 621.0 4.0
1104.0 626.0 3.0
1104.0 629.0 2.5
1104.0 635.0 3.5
1104.0 647.0 3.0
1104.0 651.0 2.5
1104.0 657.0 3.5
1104.0 1304.0 3.0
1104.0 1369.0 3.0
1105.0 3.0 4.0
1105.0 11.0 3.0
1105.0 13.0 4.0
1105.0 17.0 2.5
1106.0 1.0 2.0
1108.0 3.0 3.0
1108.0 8.0 4.0
1108.0 12.0 1.5
1108.0 13.0 4.0
1108.0 121.0 3.5
1108.0 205.0 3.0
1108.0 210.0 4.0
1108.0 256.0 1.0
1108.0 257.0 1.0
1109.0 5.0 2.5
1109.0 6.0 3.0
1109.0 17.0 3.0
1109.0 206.0 3.0
1109.0 241.0 3.0
1109.0 247.0 2.0
1109.0 252.0 1.5
1110.0 255.0 4.0
1110.0 257.0 3.0
1111.0 205.0 2.0
1111.0 257.0 3.0
1112.0 4.0 4.0
1112.0 219.0 3.5
1112.0 235.0 3.5
1113.0 4.0 3.5
1113.0 8.0 2.5
1114.0 4.0 4.0
1114.0 7.0 4.0
1114.0 11.0 4.0
1114.0 215.0 3.0
1115.0 13.0 4.0
1115.0 17.0 4.0
1115.0 212.0 4.0
1115.0 235.0 4.0
1115.0 249.0 3.5
1115.0 250.0 3.5
1115.0 253.0 3.5
1115.0 254.0 4.0
1116.0 1.0 2.5
1116.0 11.0 3.5
1116.0 233.0 3.0
1116.0 254.0 2.5
1117.0 1.0 4.0
1117.0 9.0 3.0
1118.0 212.0 4.0
1118.0 215.0 4.0
1118.0 220.0 3.0
1119.0 11.0 4.0
1120.0 1.0 4.0
1120.0 10.0 2.5
1121.0 4.0 3.5
1121.0 5.0 3.0
1121.0 10.0 3.5
1121.0 219.0 3.5
1122.0 1.0 3.5
1122.0 3.0 3.5
1122.0 6.0 3.5
1122.0 8.0 3.0
1122.0 210.0 3.5
1122.0 213.0 4.0
1122.0 220.0 3.5
1122.0 233.0 3.5
1122.0 244.0 3.5
1122.0 253.0 3.5
1122.0 255.0 3.5
1123.0 1.0 3.0
1123.0 7.0 3.0
1123.0 11.0 4.0
1124.0 11.0 3.0
1124.0 207.0 2.5
1124.0 299.0 3.5
1125.0 1.0 2.0
1125.0 2.0 3.5
1125.0 241.0 2.0
1126.0 1.0 3.0
1126.0 2.0 3.5
1126.0 213.0 3.5
1126.0 220.0 3.5
1126.0 239.0 3.5
1126.0 241.0 2.0
1126.0 243.0 3.5
1126.0 246.0 3.5
1126.0 249.0 3.0
1126.0 250.0 3.5
1126.0 253.0 3.0
1127.0 7.0 2.5
1127.0 8.0 2.0
1127.0 9.0 2.0
1128.0 215.0 4.0
1129.0 3.0 3.0
1129.0 220.0 3.0
1129.0 241.0 4.0
1129.0 257.0 4.0
1130.0 3.0 2.0
1130.0 206.0 3.5
1130.0 210.0 2.5
1130.0 212.0 2.5
1130.0 215.0 3.0
1130.0 236.0 2.5
1130.0 239.0 2.5
1130.0 244.0 2.5
1130.0 247.0 3.5
1130.0 257.0 3.0
1132.0 5.0 4.0
1132.0 10.0 3.0
1132.0 17.0 3.5
1132.0 207.0 4.0
1132.0 219.0 3.5
1132.0 250.0 4.0
1133.0 2.0 3.0
1133.0 4.0 3.0
1133.0 207.0 2.0
1133.0 219.0 3.0
1133.0 845.0 3.0
1133.0 903.0 3.0
1134.0 9.0 3.5
1137.0 17.0 4.0
1138.0 1.0 3.0
1138.0 7.0 3.5
1138.0 9.0 3.5
1138.0 13.0 4.0
1138.0 17.0 3.0
1138.0 205.0 2.5
1138.0 233.0 4.0
1138.0 235.0 3.0
1139.0 1.0 1.5
1139.0 216.0 2.0
1139.0 219.0 3.0
1139.0 234.0 3.0
1139.0 235.0 1.5
1139.0 236.0 2.5
1139.0 241.0 2.5
1139.0 248.0 1.5
1139.0 781.0 4.0
1140.0 2.0 2.5
1140.0 207.0 3.0
1140.0 220.0 2.5
1140.0 235.0 2.5
1140.0 244.0 2.5
1140.0 589.0 4.0
1140.0 1853.0 3.5
1141.0 7.0 4.0
1141.0 10.0 4.0
1141.0 17.0 3.5
1141.0 207.0 3.5
1141.0 219.0 3.5
1142.0 1.0 2.5
1142.0 2.0 4.0
1142.0 121.0 3.5
1142.0 211.0 1.5
1142.0 219.0 3.0
1142.0 235.0 3.5
1142.0 241.0 3.0
1142.0 249.0 3.5
1143.0 8.0 2.5
1143.0 17.0 2.5
1144.0 9.0 4.0
1144.0 84.0 4.0
1144.0 206.0 4.0
1144.0 211.0 4.0
1144.0 213.0 4.0
1144.0 215.0 4.0
1144.0 233.0 4.0
1144.0 234.0 4.0
1144.0 247.0 4.0
1144.0 252.0 4.0
1144.0 256.0 4.0
1145.0 7.0 4.0
1145.0 257.0 2.5
1146.0 3.0 4.0
1146.0 6.0 3.0
1146.0 7.0 3.0
1146.0 17.0 1.5
1146.0 207.0 3.0
1146.0 210.0 1.5
1146.0 214.0 1.5
1146.0 234.0 1.5
1146.0 245.0 2.0
1146.0 247.0 2.0
1146.0 254.0 2.0
1147.0 8.0 3.0
1147.0 91.0 4.0
1147.0 284.0 3.0
1147.0 318.0 4.0
1147.0 351.0 0.5
1147.0 406.0 3.0
1147.0 510.0 2.0
1147.0 598.0 4.0
1147.0 684.0 3.0
1147.0 696.0 3.5
1147.0 699.0 4.0
1147.0 745.0 3.0
1147.0 747.0 2.0
1147.0 758.0 3.0
1147.0 932.0 2.5
1147.0 944.0 1.0
1147.0 1007.0 3.0
1147.0 1589.0 1.5
1148.0 1.0 3.5
1148.0 5.0 3.5
1148.0 8.0 2.0
1148.0 211.0 1.5
1148.0 217.0 3.0
1148.0 220.0 2.0
1148.0 248.0 2.0
1148.0 251.0 2.0
1148.0 254.0 1.5
1148.0 256.0 2.0
1148.0 257.0 2.5
1149.0 2.0 3.5
1149.0 239.0 3.0
1149.0 347.0 3.0
1149.0 589.0 3.0
1149.0 805.0 4.0
1150.0 2.0 3.0
1150.0 3.0 3.0
1150.0 206.0 3.5
1150.0 239.0 3.5
1150.0 257.0 3.0
1151.0 484.0 3.5
1152.0 4.0 0.5
1152.0 11.0 0.5
1152.0 17.0 2.0
1152.0 216.0 4.0
1152.0 217.0 3.5
1152.0 241.0 4.0
1152.0 244.0 3.5
1152.0 246.0 4.0
1152.0 247.0 4.0
1152.0 248.0 3.0
1152.0 257.0 4.0
1153.0 7.0 4.0
1153.0 10.0 3.0
1153.0 17.0 2.0
1153.0 206.0 3.0
1153.0 235.0 3.0
1153.0 245.0 3.5
1153.0 251.0 3.0
1153.0 255.0 3.5
1153.0 270.0 3.0
1153.0 278.0 4.0
1153.0 304.0 3.5
1153.0 307.0 4.0
1153.0 335.0 4.0
1153.0 417.0 3.5
1153.0 450.0 4.0
1153.0 589.0 3.5
1153.0 638.0 4.0
1153.0 658.0 4.0
1153.0 781.0 3.0
1153.0 787.0 3.0
1154.0 10.0 4.0
1154.0 213.0 3.5
1155.0 1.0 2.5
1155.0 5.0 3.5
1155.0 6.0 3.0
1155.0 8.0 3.0
1155.0 216.0 2.5
1155.0 235.0 2.5
1155.0 241.0 2.0
1155.0 244.0 2.0
1155.0 247.0 1.5
1155.0 248.0 2.5
1156.0 207.0 1.5
1156.0 213.0 3.0
1156.0 245.0 3.5
1157.0 8.0 3.0
1157.0 13.0 3.0
1157.0 204.0 3.5
1157.0 211.0 4.0
1157.0 318.0 4.0
1157.0 494.0 4.0
1157.0 656.0 3.5
1157.0 658.0 3.5
1157.0 699.0 3.5
1157.0 717.0 3.0
1157.0 850.0 3.5
1157.0 1029.0 2.0
1157.0 1037.0 0.5
1157.0 1109.0 0.5
1157.0 1182.0 2.5
1157.0 1193.0 4.0
1157.0 1195.0 3.5
1157.0 1516.0 3.0
1158.0 5.0 3.5
1158.0 8.0 4.0
1158.0 13.0 3.5
1158.0 84.0 3.0
1158.0 213.0 4.0
1158.0 216.0 3.0
1158.0 246.0 3.0
1158.0 247.0 3.5
1158.0 718.0 3.5
1159.0 5.0 2.0
1159.0 10.0 3.5
1159.0 84.0 3.0
1159.0 210.0 3.5
1159.0 215.0 3.0
1159.0 216.0 2.5
1159.0 236.0 3.5
1159.0 243.0 4.0
1159.0 245.0 3.5
1159.0 247.0 3.0
1159.0 254.0 4.0
1159.0 256.0 4.0
1159.0 257.0 2.5
1160.0 205.0 3.0
1160.0 477.0 4.0
1161.0 2.0 4.0
1161.0 5.0 4.0
1161.0 205.0 4.0
1161.0 213.0 3.5
1161.0 216.0 4.0
1161.0 239.0 3.5
1161.0 255.0 3.5
1162.0 3.0 3.5
1162.0 8.0 3.0
1162.0 10.0 3.5
1162.0 121.0 2.0
1162.0 210.0 2.0
1162.0 241.0 3.5
1162.0 342.0 3.5
1162.0 344.0 4.0
1162.0 391.0 3.5
1162.0 955.0 3.5
1162.0 1274.0 4.0
1162.0 1861.0 4.0
1162.0 1862.0 4.0
1162.0 1863.0 3.0
1164.0 1.0 2.0
1164.0 5.0 2.5
1164.0 7.0 4.0
1164.0 10.0 2.5
1164.0 211.0 4.0
1164.0 213.0 3.0
1165.0 11.0 4.0
1165.0 210.0 2.5
1166.0 12.0 3.0
1166.0 236.0 4.0
1167.0 6.0 4.0
1167.0 17.0 4.0
1167.0 207.0 2.0
1167.0 211.0 3.5
1168.0 342.0 4.0
1169.0 9.0 3.5
1169.0 207.0 4.0
1170.0 215.0 3.0
1171.0 215.0 3.5
1173.0 9.0 0.5
1173.0 10.0 0.5
1173.0 121.0 0.5
1173.0 233.0 1.0
1173.0 255.0 1.0
1173.0 332.0 4.0
1173.0 342.0 1.0
1173.0 442.0 4.0
1173.0 1867.0 4.0
1173.0 1870.0 3.0
1173.0 1878.0 4.0
1173.0 1884.0 3.5
1174.0 242.0 4.0
1174.0 292.0 4.0
1175.0 7.0 2.5
1175.0 8.0 3.5
1175.0 12.0 2.5
1175.0 215.0 3.5
1175.0 241.0 1.5
1175.0 244.0 2.5
1175.0 247.0 3.5
1175.0 250.0 1.5
1175.0 254.0 4.0
1175.0 255.0 3.5
1176.0 588.0 4.0
1177.0 12.0 3.0
1178.0 11.0 4.0
1178.0 247.0 3.5
1178.0 270.0 4.0
1179.0 13.0 4.0
1180.0 7.0 1.5
1180.0 73.0 4.0
1180.0 207.0 1.0
1180.0 236.0 3.5
1183.0 5.0 3.5
1183.0 213.0 3.5
1183.0 236.0 3.5
1183.0 255.0 3.5
1184.0 5.0 4.0
1184.0 8.0 3.5
1184.0 13.0 3.5
1184.0 17.0 2.0
1184.0 241.0 2.0
1184.0 253.0 4.0
1185.0 292.0 4.0
1186.0 8.0 3.5
1187.0 3.0 4.0
1187.0 24.0 3.0
1187.0 92.0 2.0
1187.0 130.0 3.0
1187.0 132.0 3.5
1187.0 206.0 3.0
1187.0 218.0 3.0
1187.0 219.0 3.0
1187.0 235.0 2.0
1187.0 242.0 2.5
1187.0 243.0 1.5
1187.0 249.0 3.5
1187.0 286.0 3.0
1187.0 310.0 3.0
1187.0 339.0 2.0
1187.0 361.0 2.5
1187.0 454.0 3.0
1187.0 478.0 2.5
1187.0 510.0 2.0
1187.0 528.0 3.0
1187.0 550.0 2.5
1187.0 589.0 2.5
1187.0 592.0 1.0
1187.0 597.0 1.0
1187.0 607.0 3.0
1187.0 638.0 3.5
1187.0 657.0 3.0
1187.0 686.0 3.0
1187.0 689.0 4.0
1187.0 693.0 2.0
1187.0 699.0 2.5
1187.0 701.0 3.0
1187.0 725.0 3.0
1187.0 787.0 2.5
1187.0 876.0 3.0
1187.0 898.0 2.5
1187.0 947.0 2.0
1187.0 959.0 2.0
1187.0 1011.0 2.5
1187.0 1013.0 3.0
1187.0 1369.0 3.5
1187.0 1562.0 3.0
1187.0 1889.0 3.0
1187.0 1891.0 2.5
1187.0 1905.0 3.0
1187.0 1915.0 3.0
1187.0 1919.0 2.5
1188.0 1.0 2.5
1188.0 10.0 2.0
1188.0 210.0 2.5
1188.0 211.0 4.0
1188.0 233.0 3.0
1188.0 241.0 2.0
1188.0 244.0 2.5
1188.0 252.0 3.5
1188.0 253.0 2.0
1189.0 13.0 3.5
1189.0 206.0 3.0
1189.0 219.0 3.5
1190.0 13.0 4.0
1191.0 207.0 4.0
1192.0 12.0 2.5
1193.0 10.0 2.5
1193.0 11.0 3.5
1193.0 17.0 3.0
1193.0 206.0 4.0
1193.0 235.0 3.5
1193.0 251.0 3.0
1193.0 253.0 3.0
1193.0 255.0 4.0
1194.0 12.0 1.0
1194.0 103.0 4.0
1195.0 1.0 4.0
1197.0 8.0 3.0
1197.0 211.0 3.0
1197.0 245.0 4.0
1197.0 247.0 3.0
1197.0 250.0 4.0
1197.0 251.0 3.5
1198.0 6.0 1.5
1198.0 13.0 4.0
1198.0 121.0 2.0
1198.0 210.0 1.5
1198.0 216.0 2.5
1198.0 233.0 4.0
1198.0 246.0 2.0
1198.0 250.0 4.0
1198.0 256.0 4.0
1199.0 4.0 4.0
1199.0 13.0 4.0
1199.0 17.0 3.0
1199.0 216.0 3.0
1199.0 217.0 4.0
1199.0 219.0 4.0
1199.0 243.0 3.5
1199.0 252.0 3.0
1199.0 253.0 3.5
1199.0 254.0 4.0
1199.0 256.0 3.0
1199.0 313.0 4.0
1199.0 432.0 4.0
1199.0 442.0 3.0
1199.0 528.0 4.0
1199.0 638.0 4.0
1199.0 676.0 2.5
1199.0 699.0 4.0
1199.0 712.0 3.0
1199.0 780.0 2.0
1199.0 926.0 3.5
1199.0 1080.0 4.0
1199.0 1321.0 3.5
1200.0 213.0 3.5
1200.0 250.0 3.5
1200.0 348.0 4.0
1200.0 1928.0 4.0
1201.0 3.0 2.5
1201.0 7.0 1.0
1201.0 9.0 3.0
1201.0 205.0 3.5
1201.0 235.0 2.5
1201.0 250.0 3.5
1202.0 5.0 3.5
1202.0 12.0 2.5
1202.0 205.0 3.5
1202.0 212.0 2.5
1202.0 219.0 0.5
1202.0 234.0 1.5
1202.0 244.0 0.5
1202.0 246.0 2.5
1202.0 248.0 3.0
1203.0 1.0 4.0
1203.0 207.0 4.0
1203.0 210.0 4.0
1203.0 219.0 4.0
1203.0 236.0 4.0
1204.0 1.0 3.0
1205.0 11.0 4.0
1206.0 5.0 3.5
1206.0 233.0 3.0
1207.0 215.0 3.0
1207.0 217.0 2.0
1207.0 235.0 3.0
1207.0 241.0 2.5
1208.0 7.0 3.5
1208.0 318.0 4.0
1208.0 850.0 3.5
1208.0 1275.0 3.0
1208.0 1639.0 3.0
1209.0 9.0 2.0
1209.0 11.0 4.0
1209.0 12.0 2.5
1209.0 212.0 2.5
1209.0 234.0 2.5
1209.0 236.0 2.0
1209.0 244.0 2.5
1209.0 246.0 2.0
1209.0 253.0 3.0
1210.0 9.0 3.0
1210.0 207.0 2.0
1212.0 4.0 2.5
1212.0 9.0 3.5
1212.0 183.0 3.5
1212.0 207.0 2.5
1212.0 443.0 4.0
1212.0 501.0 4.0
1212.0 623.0 4.0
1212.0 699.0 4.0
1212.0 876.0 4.0
1212.0 1036.0 4.0
1212.0 1455.0 4.0
1212.0 1607.0 4.0
1212.0 1609.0 3.0
1212.0 1832.0 1.5
1212.0 1938.0 1.0
1212.0 1939.0 0.5
1212.0 1943.0 1.0
1212.0 1944.0 3.5
1212.0 1946.0 1.5
1213.0 234.0 3.5
1213.0 239.0 3.0
1214.0 6.0 3.0
1214.0 8.0 4.0
1214.0 11.0 3.5
1214.0 17.0 2.5
1214.0 1951.0 4.0
1215.0 216.0 3.5
1217.0 2.0 3.5
1217.0 7.0 3.5
1218.0 2.0 3.5
1218.0 4.0 4.0
1218.0 5.0 3.0
1218.0 9.0 4.0
1218.0 212.0 3.0
1218.0 243.0 2.5
1218.0 247.0 2.0
1218.0 248.0 3.0
1218.0 249.0 3.5
1218.0 253.0 3.0
1219.0 10.0 2.0
1220.0 213.0 0.5
1220.0 219.0 1.5
1220.0 234.0 4.0
1220.0 255.0 4.0
1222.0 7.0 4.0
1222.0 205.0 0.5
1222.0 215.0 2.0
1222.0 239.0 0.5
1223.0 7.0 4.0
1223.0 11.0 2.5
1223.0 318.0 4.0
1223.0 1952.0 0.5
1224.0 10.0 4.0
1225.0 1.0 1.5
1225.0 5.0 1.5
1225.0 212.0 2.5
1225.0 234.0 1.5
1225.0 244.0 2.0
1225.0 247.0 3.0
1225.0 251.0 2.5
1225.0 252.0 1.0
1225.0 256.0 4.0
1225.0 257.0 3.5
1226.0 10.0 4.0
1226.0 12.0 2.5
1226.0 13.0 3.5
1226.0 17.0 3.5
1226.0 121.0 3.5
1226.0 212.0 4.0
1226.0 216.0 4.0
1226.0 235.0 3.0
1226.0 239.0 3.5
1226.0 246.0 2.0
1226.0 256.0 2.5
1227.0 215.0 0.5
1228.0 4.0 2.0
1228.0 10.0 3.0
1228.0 216.0 2.5
1228.0 235.0 2.0
1228.0 256.0 3.5
1229.0 2.0 3.0
1229.0 246.0 1.5
1229.0 253.0 4.0
1229.0 1597.0 4.0
1230.0 3.0 2.0
1230.0 6.0 3.5
1230.0 12.0 4.0
1230.0 13.0 1.0
1230.0 84.0 4.0
1230.0 216.0 0.5
1230.0 233.0 3.5
1230.0 235.0 4.0
1230.0 253.0 4.0
1230.0 257.0 4.0
1231.0 8.0 4.0
1231.0 9.0 4.0
1231.0 206.0 3.5
1232.0 11.0 3.0
1232.0 257.0 3.5
1233.0 1.0 3.5
1233.0 3.0 3.5
1234.0 1.0 3.5
1234.0 4.0 3.0
1234.0 5.0 3.5
1234.0 17.0 2.5
1234.0 84.0 3.0
1234.0 205.0 3.0
1234.0 210.0 3.0
1234.0 233.0 3.0
1234.0 235.0 3.0
1234.0 245.0 3.0
1235.0 2.0 3.5
1235.0 10.0 2.0
1235.0 121.0 3.0
1235.0 213.0 3.5
1235.0 234.0 3.0
1235.0 235.0 2.5
1235.0 236.0 3.0
1235.0 243.0 3.5
1235.0 257.0 3.5
1236.0 1.0 2.5
1236.0 205.0 3.0
1236.0 215.0 2.0
1236.0 216.0 3.0
1236.0 256.0 2.5
1238.0 1.0 4.0
1238.0 3.0 3.5
1238.0 6.0 4.0
1238.0 10.0 4.0
1238.0 84.0 4.0
1238.0 212.0 4.0
1238.0 215.0 4.0
1238.0 233.0 4.0
1238.0 247.0 4.0
1238.0 252.0 4.0
1238.0 256.0 4.0
1239.0 7.0 4.0
1239.0 11.0 3.5
1239.0 206.0 3.0
1239.0 216.0 0.5
1239.0 236.0 4.0
1239.0 253.0 2.0
1241.0 3.0 3.5
1241.0 9.0 3.5
1241.0 13.0 3.5
1241.0 121.0 2.5
1241.0 205.0 4.0
1241.0 235.0 3.5
1241.0 236.0 3.5
1241.0 239.0 3.5
1241.0 244.0 2.0
1241.0 247.0 4.0
1241.0 249.0 2.0
1242.0 2.0 3.5
1242.0 215.0 4.0
1243.0 7.0 2.0
1243.0 235.0 3.0
1244.0 2.0 0.5
1244.0 5.0 3.5
1244.0 1019.0 0.5
1244.0 1060.0 0.5
1245.0 17.0 4.0
1246.0 1.0 1.0
1246.0 4.0 0.5
1246.0 6.0 0.5
1246.0 8.0 1.5
1246.0 12.0 4.0
1246.0 17.0 1.5
1246.0 214.0 0.5
1246.0 216.0 2.5
1246.0 239.0 1.0
1246.0 256.0 1.0
1247.0 787.0 4.0
1248.0 1.0 2.5
1248.0 2.0 3.5
1248.0 239.0 4.0
1249.0 2.0 3.0
1249.0 3.0 3.0
1249.0 4.0 0.5
1249.0 59.0 4.0
1249.0 146.0 1.5
1249.0 149.0 1.5
1249.0 156.0 0.5
1249.0 160.0 1.0
1249.0 171.0 2.0
1249.0 206.0 4.0
1249.0 219.0 3.5
1249.0 233.0 3.5
1249.0 236.0 3.5
1249.0 254.0 3.0
1249.0 395.0 4.0
1249.0 585.0 2.5
1249.0 705.0 3.5
1249.0 1570.0 3.0
1249.0 1576.0 1.5
1249.0 1577.0 3.0
1249.0 1961.0 1.0
1250.0 4.0 3.0
1250.0 239.0 3.5
1250.0 241.0 3.5
1250.0 245.0 2.5
1250.0 254.0 3.0
1251.0 2.0 3.5
1251.0 213.0 4.0
1251.0 239.0 4.0
1252.0 8.0 3.5
1252.0 9.0 2.5
1252.0 13.0 3.5
1252.0 215.0 3.0
1252.0 235.0 3.0
1252.0 245.0 3.0
1252.0 255.0 2.5
1253.0 11.0 4.0
1254.0 3.0 4.0
1254.0 11.0 4.0
1254.0 210.0 2.5
1254.0 212.0 4.0
1254.0 215.0 2.5
1254.0 233.0 4.0
1254.0 239.0 2.5
1254.0 245.0 1.5
1254.0 251.0 3.0
1254.0 253.0 2.0
1255.0 9.0 3.0
1255.0 13.0 3.5
1255.0 234.0 3.0
1255.0 235.0 1.5
1255.0 236.0 3.0
1255.0 943.0 3.5
1256.0 220.0 2.0
1257.0 13.0 3.5
1257.0 214.0 4.0
1257.0 215.0 3.5
1257.0 216.0 3.5
1257.0 233.0 3.5
1257.0 236.0 4.0
1257.0 251.0 3.5
1257.0 253.0 4.0
1258.0 7.0 3.0
1258.0 11.0 3.0
1258.0 17.0 1.0
1258.0 213.0 4.0
1258.0 217.0 3.5
1258.0 241.0 3.0
1259.0 235.0 3.5
1261.0 1.0 2.5
1261.0 3.0 3.5
1261.0 4.0 4.0
1261.0 5.0 3.5
1261.0 10.0 2.5
1261.0 11.0 4.0
1261.0 215.0 4.0
1261.0 234.0 3.0
1261.0 235.0 2.0
1261.0 250.0 4.0
1262.0 3.0 3.5
1262.0 215.0 4.0
1263.0 17.0 3.0
1263.0 84.0 2.0
1263.0 205.0 2.0
1263.0 206.0 3.0
1263.0 217.0 4.0
1263.0 234.0 2.0
1263.0 236.0 4.0
1263.0 241.0 0.5
1263.0 247.0 3.0
1265.0 4.0 3.5
1265.0 244.0 4.0
1265.0 255.0 4.0
1267.0 5.0 2.5
1267.0 17.0 1.5
1267.0 214.0 3.0
1267.0 219.0 2.0
1268.0 2.0 3.5
1268.0 13.0 3.5
1269.0 8.0 3.0
1269.0 1097.0 4.0
1269.0 1274.0 4.0
1269.0 1972.0 4.0
1270.0 2.0 2.5
1270.0 449.0 1.0
1271.0 84.0 3.0
1271.0 205.0 2.0
1271.0 219.0 2.0
1271.0 244.0 2.0
1271.0 245.0 3.5
1271.0 253.0 2.0
1271.0 463.0 4.0
1272.0 2.0 3.0
1272.0 877.0 3.5
1273.0 1.0 3.0
1273.0 210.0 3.0
1273.0 215.0 3.0
1273.0 217.0 2.0
1274.0 7.0 2.5
1274.0 8.0 2.5
1274.0 84.0 3.5
1274.0 206.0 2.0
1274.0 213.0 3.0
1274.0 217.0 2.5
1274.0 220.0 3.5
1274.0 248.0 2.0
1274.0 249.0 2.0
1274.0 250.0 3.5
1274.0 257.0 3.0
1276.0 235.0 3.0
1277.0 17.0 3.5
1277.0 236.0 3.0
1278.0 9.0 4.0
1278.0 11.0 3.5
1279.0 3.0 4.0
1279.0 11.0 3.0
1279.0 12.0 3.0
1279.0 17.0 3.0
1279.0 205.0 3.5
1279.0 217.0 4.0
1279.0 220.0 2.0
1279.0 234.0 3.5
1279.0 249.0 3.5
1279.0 251.0 3.0
1280.0 212.0 3.5
1280.0 249.0 3.0
1280.0 251.0 3.5
1282.0 7.0 4.0
1283.0 4.0 4.0
1283.0 5.0 4.0
1283.0 17.0 4.0
1283.0 207.0 3.5
1283.0 213.0 3.0
1283.0 233.0 3.5
1283.0 241.0 2.5
1283.0 249.0 3.5
1283.0 256.0 3.0
1284.0 1.0 4.0
1284.0 9.0 3.0
1284.0 84.0 3.5
1284.0 217.0 3.5
1284.0 254.0 3.0
1285.0 215.0 0.5
1286.0 7.0 3.0
1286.0 8.0 2.0
1286.0 11.0 3.0
1286.0 17.0 2.5
1286.0 211.0 3.5
1286.0 219.0 4.0
1286.0 220.0 3.0
1286.0 233.0 3.0
1286.0 235.0 2.0
1286.0 245.0 4.0
1287.0 5.0 3.5
1287.0 9.0 2.5
1287.0 17.0 3.5
1288.0 236.0 3.5
1288.0 242.0 3.5
1288.0 250.0 4.0
1288.0 365.0 3.5
1288.0 620.0 3.5
1288.0 678.0 1.5
1288.0 793.0 3.0
1288.0 848.0 3.5
1288.0 1030.0 3.5
1288.0 1200.0 1.0
1288.0 1975.0 4.0
1289.0 17.0 3.0
1289.0 121.0 2.5
1289.0 199.0 4.0
1289.0 205.0 3.0
1289.0 207.0 2.0
1289.0 212.0 2.5
1289.0 220.0 2.5
1289.0 233.0 3.0
1289.0 240.0 3.5
1289.0 248.0 2.0
1289.0 253.0 2.5
1289.0 255.0 2.5
1289.0 292.0 3.5
1289.0 297.0 4.0
1290.0 8.0 3.0
1290.0 210.0 3.0
1290.0 244.0 3.0
1290.0 245.0 3.5
1291.0 9.0 3.0
1291.0 11.0 4.0
1291.0 206.0 4.0
1291.0 236.0 3.5
1291.0 257.0 3.0
1292.0 1.0 4.0
1292.0 2.0 4.0
1292.0 10.0 1.5
1292.0 13.0 3.5
1292.0 17.0 0.5
1292.0 121.0 3.5
1292.0 207.0 3.5
1292.0 246.0 1.0
1292.0 1976.0 3.5
1293.0 4.0 3.5
1293.0 7.0 2.5
1293.0 11.0 3.5
1294.0 1977.0 4.0
1295.0 2.0 1.5
1295.0 10.0 3.0
1295.0 206.0 4.0
1295.0 220.0 2.5
1295.0 233.0 0.5
1295.0 245.0 3.0
1295.0 254.0 1.5
1295.0 255.0 2.0
1295.0 256.0 1.5
1295.0 257.0 2.0
1296.0 5.0 4.0
1296.0 8.0 3.0
1296.0 13.0 3.5
1297.0 10.0 2.0
1297.0 211.0 3.5
1297.0 233.0 3.0
1297.0 234.0 1.0
1297.0 245.0 3.0
1297.0 247.0 4.0
1298.0 1979.0 3.5
1299.0 4.0 4.0
1299.0 11.0 4.0
1299.0 17.0 3.5
1299.0 236.0 4.0
1300.0 6.0 3.5
1300.0 13.0 3.0
1300.0 17.0 4.0
1300.0 205.0 2.5
1300.0 207.0 3.0
1300.0 234.0 4.0
1300.0 246.0 2.5
1300.0 256.0 3.0
1301.0 10.0 1.5
1301.0 205.0 2.0
1301.0 215.0 3.0
1302.0 8.0 3.5
1302.0 13.0 4.0
1302.0 214.0 3.0
1302.0 234.0 3.5
1302.0 235.0 3.0
1302.0 236.0 3.0
1302.0 246.0 2.5
1304.0 3.0 2.5
1304.0 17.0 4.0
1304.0 205.0 3.0
1304.0 206.0 4.0
1304.0 210.0 1.0
1304.0 212.0 3.0
1304.0 252.0 0.5
1304.0 253.0 0.5
1304.0 255.0 4.0
1304.0 256.0 2.5
1305.0 236.0 4.0
1305.0 239.0 3.0
1305.0 793.0 4.0
1306.0 215.0 2.0
1307.0 1.0 2.5
1307.0 5.0 3.5
1307.0 11.0 3.0
1307.0 236.0 3.5
1307.0 1982.0 4.0
1308.0 17.0 4.0
1308.0 217.0 3.0
1308.0 247.0 3.5
1308.0 251.0 3.0
1309.0 1350.0 4.0
1310.0 9.0 3.0
1310.0 219.0 3.0
1311.0 1.0 3.5
1311.0 257.0 3.5
1312.0 3.0 3.0
1312.0 10.0 4.0
1314.0 206.0 4.0
1315.0 10.0 3.0
1316.0 7.0 3.5
1317.0 3.0 4.0
1317.0 10.0 2.5
1317.0 13.0 3.0
1317.0 217.0 3.0
1318.0 2.0 2.5
1318.0 7.0 2.5
1318.0 8.0 4.0
1318.0 207.0 4.0
1318.0 233.0 4.0
1318.0 234.0 3.5
1318.0 235.0 4.0
1318.0 244.0 4.0
1318.0 250.0 4.0
1319.0 207.0 3.0
1321.0 13.0 3.0
1324.0 12.0 4.0
1324.0 219.0 4.0
1325.0 207.0 2.5
1325.0 1218.0 3.0
1326.0 8.0 3.5
1328.0 313.0 4.0
1328.0 1765.0 4.0
1328.0 1767.0 0.5
1329.0 2.0 4.0
1329.0 13.0 3.5
1329.0 206.0 4.0
1330.0 1555.0 3.5
1332.0 3.0 4.0
1332.0 4.0 3.5
1332.0 211.0 3.0
1332.0 217.0 3.0
1333.0 2.0 3.5
1333.0 5.0 4.0
1333.0 206.0 2.5
1333.0 211.0 3.0
1333.0 472.0 0.5
1333.0 493.0 3.5
1333.0 514.0 3.0
1333.0 560.0 4.0
1333.0 563.0 4.0
1333.0 638.0 3.0
1333.0 928.0 1.0
1333.0 1198.0 4.0
1333.0 1451.0 4.0
1333.0 1831.0 3.0
1333.0 1844.0 3.0
1333.0 1991.0 2.5
1333.0 2001.0 1.0
1333.0 2002.0 3.5
1333.0 2003.0 2.0
1333.0 2009.0 3.0
1333.0 2013.0 4.0
1333.0 2014.0 4.0
1333.0 2020.0 2.5
1334.0 207.0 3.0
1335.0 2.0 3.5
1335.0 6.0 3.0
1335.0 12.0 4.0
1335.0 121.0 2.5
1335.0 207.0 2.0
1335.0 216.0 1.5
1335.0 217.0 3.5
1335.0 241.0 3.0
1335.0 254.0 2.0
1335.0 256.0 3.0
1336.0 38.0 3.5
1336.0 274.0 2.0
1336.0 787.0 3.0
1336.0 2028.0 3.5
1337.0 215.0 3.5
1338.0 84.0 3.0
1338.0 215.0 0.5
1338.0 220.0 2.0
1338.0 239.0 2.5
1338.0 246.0 3.0
1338.0 249.0 1.0
1338.0 256.0 3.0
1338.0 318.0 4.0
1341.0 5.0 3.5
1341.0 7.0 3.5
1341.0 219.0 2.0
1342.0 4.0 4.0
1342.0 7.0 4.0
1342.0 207.0 3.5
1342.0 211.0 4.0
1342.0 217.0 3.5
1342.0 233.0 3.5
1342.0 250.0 4.0
1342.0 659.0 1.0
1342.0 806.0 0.5
1343.0 1.0 3.5
1343.0 6.0 2.5
1343.0 7.0 4.0
1343.0 13.0 3.5
1343.0 214.0 1.5
1343.0 234.0 3.5
1343.0 253.0 2.5
1344.0 269.0 3.0
1345.0 9.0 4.0
1345.0 250.0 3.5
1346.0 1.0 3.0
1346.0 693.0 3.5
1347.0 17.0 2.5
1347.0 219.0 3.0
1347.0 245.0 3.5
1347.0 257.0 2.5
1348.0 4.0 2.0
1348.0 207.0 1.0
1348.0 216.0 1.0
1348.0 236.0 4.0
1348.0 239.0 2.5
1348.0 250.0 3.5
1348.0 297.0 4.0
1350.0 7.0 3.0
1350.0 217.0 3.5
1350.0 244.0 3.0
1351.0 206.0 3.0
1352.0 2.0 4.0
1352.0 13.0 4.0
1352.0 207.0 3.0
1352.0 210.0 3.0
1352.0 214.0 3.5
1352.0 215.0 4.0
1352.0 235.0 3.5
1352.0 247.0 2.5
1352.0 251.0 3.0
1352.0 257.0 3.0
1354.0 11.0 4.0
1355.0 7.0 2.5
1355.0 10.0 3.0
1355.0 13.0 4.0
1355.0 207.0 3.0
1355.0 239.0 1.5
1355.0 595.0 2.0
1356.0 10.0 1.0
1357.0 397.0 3.5
1357.0 522.0 4.0
1357.0 743.0 0.5
1358.0 2.0 3.5
1359.0 12.0 3.0
1360.0 7.0 4.0
1360.0 13.0 3.5
1360.0 536.0 3.5
1361.0 206.0 3.5
1361.0 220.0 4.0
1361.0 236.0 3.0
1361.0 247.0 4.0
1361.0 255.0 3.0
1361.0 432.0 3.5
1362.0 257.0 4.0
1363.0 8.0 2.5
1363.0 9.0 4.0
1363.0 205.0 4.0
1363.0 210.0 3.0
1363.0 211.0 3.5
1363.0 216.0 3.0
1363.0 239.0 2.5
1363.0 244.0 2.5
1363.0 245.0 2.5
1363.0 248.0 2.5
1363.0 256.0 2.5
1364.0 7.0 2.5
1365.0 2.0 2.0
1365.0 5.0 3.0
1366.0 12.0 4.0
1366.0 13.0 3.5
1366.0 207.0 3.0
1366.0 212.0 3.0
1366.0 216.0 3.5
1366.0 253.0 2.5
1367.0 12.0 3.0
1367.0 121.0 4.0
1367.0 216.0 3.0
1368.0 2.0 4.0
1368.0 4.0 4.0
1368.0 7.0 4.0
1368.0 241.0 3.5
1369.0 5.0 3.5
1369.0 8.0 3.5
1369.0 220.0 3.5
1370.0 5.0 3.5
1370.0 10.0 3.0
1370.0 11.0 4.0
1370.0 12.0 3.0
1370.0 84.0 3.0
1370.0 205.0 4.0
1370.0 207.0 3.0
1370.0 215.0 2.5
1370.0 251.0 3.0
1370.0 252.0 3.0
1370.0 256.0 3.0
1371.0 2.0 3.0
1372.0 2.0 3.0
1372.0 7.0 4.0
1372.0 9.0 3.5
1372.0 11.0 3.0
1373.0 241.0 0.5
1375.0 11.0 4.0
1375.0 12.0 2.5
1375.0 207.0 2.5
1375.0 211.0 2.5
1375.0 216.0 2.5
1375.0 234.0 3.0
1375.0 236.0 3.0
1375.0 239.0 3.0
1375.0 254.0 2.0
1375.0 256.0 1.5
1376.0 5.0 2.5
1376.0 9.0 3.0
1377.0 234.0 4.0
1378.0 2.0 3.5
1378.0 11.0 4.0
1378.0 219.0 3.5
1379.0 696.0 4.0
1380.0 207.0 4.0
1382.0 10.0 1.0
1382.0 17.0 4.0
1382.0 252.0 4.0
1382.0 255.0 3.0
1382.0 2034.0 4.0
1382.0 2036.0 4.0
1383.0 2.0 2.0
1383.0 207.0 2.5
1383.0 213.0 3.0
1383.0 539.0 4.0
1385.0 1.0 2.5
1385.0 2.0 4.0
1385.0 11.0 4.0
1385.0 13.0 4.0
1385.0 206.0 3.5
1385.0 210.0 2.5
1385.0 243.0 4.0
1385.0 249.0 4.0
1385.0 251.0 4.0
1385.0 253.0 4.0
1386.0 1.0 3.0
1386.0 2.0 2.5
1386.0 6.0 3.5
1386.0 7.0 2.5
1386.0 13.0 3.5
1386.0 17.0 4.0
1386.0 92.0 3.0
1386.0 100.0 3.5
1386.0 211.0 4.0
1386.0 217.0 2.5
1386.0 220.0 2.0
1386.0 233.0 2.0
1386.0 256.0 4.0
1386.0 397.0 4.0
1386.0 810.0 3.0
1386.0 817.0 3.5
1386.0 838.0 2.5
1386.0 1293.0 2.0
1387.0 207.0 3.0
1387.0 236.0 2.5
1387.0 729.0 4.0
1388.0 9.0 4.0
1388.0 213.0 3.0
1388.0 214.0 0.5
1388.0 215.0 1.0
1388.0 217.0 0.5
1388.0 241.0 4.0
1388.0 246.0 2.0
1388.0 253.0 0.5
1388.0 254.0 2.0
1389.0 13.0 4.0
1390.0 9.0 3.5
1390.0 215.0 2.5
1390.0 257.0 3.0
1391.0 7.0 4.0
1391.0 11.0 3.0
1392.0 299.0 2.0
1393.0 5.0 4.0
1393.0 6.0 4.0
1393.0 7.0 4.0
1393.0 210.0 4.0
1393.0 211.0 4.0
1393.0 212.0 4.0
1393.0 219.0 4.0
1393.0 220.0 4.0
1393.0 233.0 4.0
1393.0 253.0 4.0
1394.0 510.0 1.0
1396.0 1.0 3.0
1396.0 3.0 1.5
1396.0 5.0 4.0
1396.0 12.0 1.5
1396.0 219.0 3.5
1396.0 242.0 4.0
1396.0 243.0 1.0
1396.0 244.0 1.5
1396.0 247.0 2.5
1396.0 257.0 2.0
1397.0 787.0 2.5
1397.0 1263.0 4.0
1397.0 1267.0 2.5
1398.0 274.0 3.5
1398.0 286.0 4.0
1398.0 318.0 3.5
1398.0 478.0 3.0
1398.0 585.0 3.5
1398.0 609.0 4.0
1398.0 696.0 4.0
1398.0 716.0 4.0
1398.0 743.0 1.0
1398.0 898.0 3.0
1399.0 205.0 2.0
1399.0 216.0 2.5
1399.0 235.0 2.5
1401.0 213.0 4.0
1402.0 2.0 4.0
1402.0 8.0 4.0
1402.0 779.0 3.5
1405.0 207.0 2.0
1405.0 219.0 3.0
1405.0 250.0 3.5
1406.0 91.0 3.5
1406.0 321.0 2.0
1406.0 326.0 0.5
1406.0 329.0 3.0
1406.0 332.0 4.0
1406.0 536.0 4.0
1406.0 595.0 3.0
1406.0 692.0 2.5
1406.0 1087.0 2.5
1406.0 1359.0 3.5
1406.0 1601.0 3.0
1407.0 557.0 3.0
1407.0 1532.0 3.5
1407.0 1533.0 3.0
1408.0 2045.0 4.0
1409.0 9.0 3.5
1409.0 17.0 4.0
1409.0 207.0 4.0
1409.0 220.0 4.0
1410.0 215.0 2.5
1412.0 236.0 4.0
1414.0 2.0 2.5
1414.0 10.0 1.5
1414.0 214.0 3.0
1414.0 215.0 4.0
1414.0 248.0 2.0
1414.0 249.0 2.5
1414.0 250.0 2.5
1414.0 253.0 2.0
1414.0 256.0 2.5
1414.0 257.0 3.0
1415.0 10.0 3.0
1415.0 219.0 4.0
1415.0 234.0 2.5
1415.0 235.0 3.0
1416.0 4.0 3.0
1416.0 10.0 3.5
1416.0 17.0 4.0
1416.0 206.0 2.5
1416.0 219.0 4.0
1416.0 234.0 3.5
1416.0 249.0 2.0
1416.0 251.0 2.5
1416.0 253.0 2.5
1417.0 17.0 2.5
1417.0 206.0 4.0
1417.0 218.0 3.0
1417.0 235.0 3.0
1418.0 2.0 4.0
1418.0 583.0 4.0
1418.0 1038.0 4.0
1418.0 1198.0 4.0
1419.0 1.0 2.0
1419.0 213.0 2.5
1420.0 6.0 4.0
1420.0 7.0 2.5
1420.0 11.0 4.0
1420.0 84.0 4.0
1420.0 206.0 4.0
1420.0 212.0 3.5
1420.0 217.0 3.0
1420.0 239.0 2.5
1420.0 244.0 3.0
1422.0 257.0 1.0
1422.0 369.0 4.0
1423.0 2.0 4.0
1423.0 11.0 3.5
1423.0 12.0 2.5
1423.0 207.0 3.0
1423.0 212.0 4.0
1423.0 214.0 4.0
1423.0 215.0 4.0
1423.0 241.0 2.5
1423.0 252.0 4.0
1424.0 9.0 4.0
1424.0 239.0 2.5
1424.0 249.0 2.0
1425.0 5.0 3.5
1425.0 6.0 2.5
1425.0 9.0 1.0
1425.0 12.0 2.5
1425.0 207.0 2.5
1425.0 213.0 4.0
1425.0 219.0 3.5
1425.0 239.0 3.5
1425.0 256.0 1.5
1426.0 4.0 3.5
1426.0 257.0 1.5
1427.0 12.0 3.0
1428.0 6.0 4.0
1428.0 13.0 4.0
1428.0 211.0 3.5
1428.0 216.0 3.0
1428.0 219.0 3.0
1428.0 243.0 4.0
1428.0 244.0 4.0
1428.0 245.0 4.0
1428.0 249.0 4.0
1428.0 256.0 4.0
1429.0 3.0 4.0
1429.0 211.0 3.0
1429.0 213.0 4.0
1429.0 239.0 4.0
1429.0 245.0 4.0
1429.0 254.0 4.0
1430.0 3.0 2.5
1430.0 9.0 2.5
1430.0 121.0 3.0
1430.0 205.0 1.5
1430.0 233.0 1.5
1430.0 239.0 0.5
1430.0 241.0 4.0
1430.0 243.0 2.0
1430.0 246.0 2.0
1430.0 247.0 3.5
1430.0 252.0 2.5
1431.0 3.0 2.0
1431.0 215.0 3.5
1431.0 219.0 3.0
1432.0 2.0 4.0
1432.0 121.0 3.5
1432.0 216.0 2.5
1432.0 241.0 4.0
1432.0 250.0 3.0
1432.0 252.0 3.5
1432.0 490.0 2.5
1433.0 7.0 4.0
1433.0 10.0 3.0
1434.0 2.0 3.0
1434.0 10.0 3.5
1435.0 3.0 3.0
1435.0 11.0 3.5
1435.0 207.0 3.0
1435.0 310.0 3.0
1435.0 900.0 4.0
1437.0 102.0 4.0
1437.0 236.0 3.5
1437.0 278.0 3.5
1437.0 880.0 3.5
1437.0 1123.0 3.5
1437.0 1831.0 3.5
1438.0 4.0 1.0
1438.0 5.0 3.0
1438.0 10.0 4.0
1438.0 207.0 3.0
1438.0 214.0 4.0
1438.0 220.0 0.5
1438.0 234.0 2.5
1438.0 243.0 2.5
1438.0 244.0 1.0
1438.0 247.0 3.0
1439.0 4.0 4.0
1439.0 11.0 4.0
1439.0 207.0 3.0
1439.0 236.0 3.5
1439.0 245.0 3.0
1439.0 246.0 2.5
1439.0 247.0 3.5
1439.0 248.0 2.0
1439.0 251.0 3.0
1439.0 252.0 2.5
1439.0 253.0 2.5
1440.0 3.0 3.0
1440.0 121.0 2.0
1440.0 207.0 3.5
1440.0 216.0 3.5
1441.0 237.0 3.0
1442.0 8.0 4.0
1443.0 1.0 4.0
1443.0 2.0 4.0
1443.0 8.0 3.0
1443.0 9.0 4.0
1443.0 205.0 4.0
1443.0 502.0 4.0
1444.0 1.0 0.5
1444.0 11.0 1.5
1444.0 206.0 3.0
1444.0 210.0 2.0
1444.0 213.0 2.0
1444.0 214.0 2.0
1444.0 216.0 2.0
1444.0 235.0 2.0
1444.0 239.0 3.0
1444.0 253.0 0.5
1444.0 257.0 3.0
1445.0 13.0 4.0
1446.0 10.0 1.0
1446.0 12.0 3.0
1446.0 215.0 3.5
1446.0 239.0 3.5
1448.0 1.0 4.0
1448.0 6.0 4.0
1448.0 8.0 3.0
1448.0 10.0 3.0
1448.0 207.0 3.0
1448.0 212.0 2.5
1448.0 214.0 3.5
1448.0 234.0 2.5
1448.0 248.0 2.5
1448.0 250.0 4.0
1450.0 8.0 3.0
1451.0 4.0 4.0
1451.0 6.0 3.5
1451.0 8.0 3.5
1451.0 214.0 3.5
1451.0 217.0 3.0
1451.0 220.0 3.5
1451.0 245.0 3.0
1451.0 254.0 3.0
1451.0 257.0 2.5
1451.0 1655.0 4.0
1451.0 2051.0 2.5
1451.0 2052.0 3.0
1452.0 214.0 3.5
1452.0 219.0 3.0
1452.0 236.0 3.0
1452.0 425.0 3.5
1452.0 1760.0 1.5
1453.0 3.0 3.5
1453.0 7.0 4.0
1453.0 8.0 3.0
1453.0 10.0 3.0
1453.0 13.0 3.5
1453.0 219.0 3.0
1453.0 236.0 3.5
1453.0 245.0 3.5
1453.0 249.0 2.0
1453.0 251.0 2.5
1453.0 256.0 2.5
1454.0 4.0 3.5
1454.0 84.0 3.5
1454.0 212.0 2.5
1454.0 217.0 1.0
1454.0 220.0 3.0
1454.0 233.0 1.5
1454.0 234.0 3.0
1454.0 241.0 4.0
1454.0 253.0 2.0
1454.0 255.0 1.5
1455.0 1.0 2.0
1455.0 12.0 2.0
1455.0 247.0 3.0
1457.0 3.0 4.0
1457.0 5.0 4.0
1457.0 6.0 4.0
1457.0 121.0 2.0
1457.0 207.0 3.5
1457.0 241.0 2.0
1457.0 244.0 2.0
1457.0 248.0 3.0
1458.0 6.0 4.0
1458.0 84.0 4.0
1458.0 210.0 4.0
1458.0 211.0 4.0
1458.0 220.0 4.0
1458.0 236.0 4.0
1458.0 244.0 4.0
1458.0 247.0 4.0
1458.0 251.0 4.0
1458.0 252.0 4.0
1459.0 11.0 3.0
1459.0 215.0 3.0
1459.0 781.0 2.5
1460.0 4.0 3.0
1460.0 10.0 3.0
1460.0 84.0 3.0
1460.0 207.0 2.5
1460.0 213.0 3.0
1460.0 217.0 3.0
1460.0 236.0 3.0
1460.0 239.0 2.5
1460.0 241.0 1.5
1460.0 247.0 2.5
1460.0 257.0 3.5
1461.0 6.0 4.0
1461.0 8.0 3.0
1461.0 17.0 1.5
1461.0 121.0 2.0
1461.0 211.0 3.5
1461.0 212.0 2.0
1461.0 215.0 3.0
1461.0 248.0 3.5
1461.0 252.0 4.0
1461.0 253.0 3.0
1462.0 5.0 3.0
1462.0 7.0 3.5
1462.0 10.0 2.0
1462.0 17.0 3.5
1462.0 121.0 2.5
1462.0 233.0 2.5
1462.0 236.0 2.5
1462.0 239.0 3.0
1462.0 244.0 2.5
1462.0 247.0 2.5
1462.0 257.0 3.0
1464.0 1.0 3.5
1464.0 5.0 3.5
1464.0 6.0 1.0
1464.0 10.0 1.5
1464.0 235.0 3.5
1464.0 241.0 4.0
1464.0 243.0 1.0
1464.0 246.0 4.0
1464.0 248.0 2.0
1464.0 249.0 0.5
1464.0 254.0 4.0
1465.0 7.0 4.0
1465.0 8.0 3.5
1465.0 9.0 3.5
1465.0 84.0 3.5
1465.0 210.0 3.5
1465.0 216.0 3.0
1465.0 234.0 4.0
1465.0 239.0 4.0
1465.0 243.0 3.5
1465.0 244.0 3.5
1465.0 256.0 4.0
1466.0 216.0 2.0
1466.0 1174.0 2.5
1466.0 1222.0 3.0
1467.0 1.0 2.5
1467.0 3.0 2.5
1467.0 7.0 4.0
1467.0 8.0 2.5
1467.0 13.0 3.5
1467.0 84.0 3.0
1467.0 236.0 3.5
1467.0 241.0 3.0
1467.0 248.0 2.0
1467.0 249.0 2.0
1468.0 2.0 3.0
1468.0 539.0 3.0
1468.0 585.0 2.0
1468.0 675.0 4.0
1468.0 1297.0 4.0
1469.0 1.0 1.0
1469.0 13.0 2.0
1469.0 214.0 1.0
1469.0 220.0 1.0
1469.0 442.0 4.0
1470.0 3.0 2.5
1470.0 7.0 2.0
1470.0 9.0 3.5
1470.0 11.0 3.0
1470.0 206.0 3.5
1470.0 214.0 3.5
1470.0 219.0 2.0
1470.0 253.0 3.0
1471.0 2.0 3.0
1471.0 9.0 4.0
1471.0 12.0 3.0
1472.0 215.0 4.0
1474.0 3.0 2.5
1474.0 206.0 3.0
1474.0 213.0 4.0
1474.0 216.0 0.5
1474.0 241.0 3.0
1474.0 250.0 2.5
1474.0 252.0 2.5
1474.0 254.0 2.5
1474.0 255.0 3.5
1474.0 257.0 3.0
1475.0 5.0 2.0
1475.0 7.0 3.5
1475.0 214.0 3.0
1475.0 216.0 4.0
1475.0 219.0 2.0
1475.0 235.0 2.0
1475.0 236.0 2.5
1475.0 247.0 3.5
1475.0 250.0 2.5
1475.0 251.0 3.5
1476.0 6.0 4.0
1476.0 8.0 1.5
1476.0 12.0 3.5
1476.0 205.0 1.5
1476.0 214.0 2.5
1476.0 217.0 4.0
1476.0 241.0 4.0
1476.0 246.0 4.0
1476.0 253.0 3.5
1476.0 256.0 3.5
1478.0 4.0 2.0
1478.0 10.0 3.5
1478.0 84.0 3.5
1478.0 121.0 2.0
1478.0 216.0 4.0
1478.0 239.0 2.5
1478.0 241.0 3.0
1478.0 243.0 3.0
1478.0 246.0 2.5
1478.0 250.0 2.5
1478.0 588.0 4.0
1480.0 3.0 2.0
1480.0 6.0 4.0
1480.0 84.0 3.5
1480.0 207.0 1.0
1480.0 214.0 0.5
1480.0 220.0 1.5
1480.0 234.0 2.0
1480.0 239.0 2.5
1480.0 244.0 3.5
1480.0 251.0 2.5
1481.0 392.0 3.5
1481.0 2061.0 3.0
1482.0 215.0 3.5
1483.0 5.0 2.5
1483.0 7.0 2.5
1483.0 9.0 2.0
1483.0 11.0 3.5
1483.0 205.0 3.0
1483.0 207.0 2.5
1483.0 212.0 3.0
1483.0 219.0 3.0
1483.0 234.0 2.5
1483.0 253.0 3.0
1484.0 1.0 3.0
1485.0 9.0 3.5
1485.0 206.0 3.0
1485.0 2065.0 3.5
1486.0 3.0 4.0
1486.0 11.0 4.0
1486.0 212.0 3.0
1486.0 217.0 3.5
1486.0 219.0 3.5
1486.0 234.0 3.0
1486.0 241.0 2.5
1486.0 244.0 3.5
1486.0 251.0 3.0
1486.0 252.0 2.5
1486.0 257.0 4.0
1487.0 11.0 3.0
1488.0 4.0 2.5
1488.0 10.0 2.0
1488.0 719.0 2.5
1489.0 2.0 4.0
1489.0 10.0 4.0
1489.0 205.0 4.0
1489.0 211.0 4.0
1489.0 253.0 4.0
1489.0 255.0 4.0
1491.0 4.0 4.0
1491.0 11.0 4.0
1491.0 59.0 1.0
1491.0 84.0 3.0
1491.0 205.0 3.5
1491.0 207.0 2.5
1491.0 211.0 4.0
1491.0 836.0 1.5
1491.0 1711.0 1.5
1492.0 7.0 4.0
1492.0 251.0 3.5
1492.0 1660.0 3.5
1493.0 13.0 3.5
1493.0 1279.0 2.5
1493.0 1980.0 4.0
1494.0 213.0 4.0
1494.0 215.0 4.0
1495.0 267.0 0.5
1495.0 293.0 4.0
1496.0 8.0 3.0
1496.0 219.0 4.0
1496.0 252.0 4.0
1496.0 335.0 2.5
1496.0 389.0 2.0
1496.0 521.0 3.0
1496.0 842.0 4.0
1496.0 1035.0 3.0
1496.0 1460.0 3.5
1496.0 1802.0 3.5
1496.0 1832.0 4.0
1496.0 1938.0 2.0
1496.0 1946.0 3.5
1496.0 1947.0 2.5
1497.0 205.0 3.0
1497.0 2068.0 2.5
1498.0 1.0 2.5
1498.0 10.0 2.5
1498.0 207.0 3.5
1498.0 213.0 3.0
1498.0 214.0 3.0
1498.0 239.0 2.5
1498.0 244.0 3.0
1498.0 246.0 3.5
1498.0 249.0 2.0
1498.0 252.0 2.5
1499.0 4.0 4.0
1499.0 6.0 4.0
1499.0 8.0 3.5
1499.0 121.0 4.0
1499.0 207.0 3.5
1499.0 214.0 3.0
1499.0 234.0 1.5
1499.0 248.0 4.0
1499.0 250.0 4.0
1499.0 251.0 4.0
1500.0 207.0 0.5
1500.0 307.0 3.0
1501.0 207.0 1.0
1501.0 210.0 3.5
1501.0 214.0 4.0
1501.0 235.0 2.5
1501.0 244.0 3.0
1501.0 245.0 1.0
1501.0 246.0 3.0
1501.0 250.0 2.5
1501.0 253.0 3.0
1501.0 255.0 3.5
1502.0 7.0 2.5
1502.0 10.0 2.5
1502.0 12.0 2.0
1502.0 17.0 4.0
1502.0 205.0 2.5
1502.0 215.0 4.0
1502.0 219.0 2.0
1502.0 241.0 2.5
1502.0 245.0 3.0
1502.0 248.0 3.0
1503.0 2.0 3.5
1503.0 7.0 3.5
1504.0 10.0 3.0
1504.0 217.0 3.5
1504.0 235.0 2.5
1504.0 245.0 3.0
1504.0 253.0 3.5
1505.0 4.0 3.0
1505.0 5.0 4.0
1505.0 7.0 4.0
1505.0 11.0 3.0
1505.0 17.0 4.0
1505.0 213.0 2.0
1505.0 236.0 4.0
1505.0 239.0 2.0
1508.0 3.0 2.0
1508.0 7.0 1.0
1508.0 8.0 3.0
1508.0 206.0 4.0
1508.0 220.0 2.5
1508.0 669.0 1.0
